Pfaf_code,ES_RS_eart,ES_RS_rock,ES_RS_gras,ES_RS_vega,ES_RS_fenc,ES_HL_eart,ES_HL_drai,ES_HL_vegw,ES_HL_fenc,ES_RD_drai,ES_RD_hard,RC_WM_vine,RC_WM_tree,RC_WM_vina,WW_OS_main,WW_OS_upgr,WW_OS_conn,WW_SW_dbas,WW_SW_wetl,AP_EM_bpad,AP_EM_apad,AP_EM_prit,AP_EM_sect,AP_EM_irri,AP_EM_vega,AP_FI_fenc,AP_FI_lane,AP_FI_hard,AP_RZ_vegf,AP_RZ_vfow,AP_RZ_owo,ES_RS_vegf
8448,0,0,0,11523.7788348488,0,0,0,22942.7837436142,0,0,0,0,0,0,0,0,0,0,0,0,0,0,0,0,0,0,0,0,1717.2658712203,0,0,2224.47148655973
8447,0,0,0,0,0,0,0,0,0,0,0,0,0,0,580,20862.0553154788,0,0,0,0,0,0,0,0,0,0,0,0,0,0,0,0
8446,0,0,0,0,0,0,0,16450.9322997733,0,0,0,0,0,0,0,0,0,0,0,0,0,0,0,0,0,0,0,0,0,0,0,0
8457,0,0,0,7292.59394842934,0,0,0,2082.72252692642,0,0,0,0,0,0,0,0,0,0,0,0,0,0,0,0,0,0,0,0,3602.98517246069,0,0,1370.9647256788
8455,0,0,0,352.769252394837,0,0,0,0,0,0,0,0,0,0,0,0,0,0,0,0,0,0,0,0,0,0,0,0,1260.62552603015,0,0,788.489538004993
8445,0,0,0,3035.39497959121,0,0,0,0,0,0,0,0,0,0,0,0,0,0,0,0,0,0,0,0,0,0,0,0,4333.76081462448,0,0,7399.01658133858
8456,0,0,0,0,0,0,0,16095.0574275573,0,0,0,0,0,0,1800,2349.82516958837,0,0,0,0,0,0,0,0,0,0,0,0,0,0,0,0
8452,0,0,0,0,0,0,0,0,0,0,0,0,0,0,0,0,0,0,0,0,0,0,0,0,0,0,0,0,0,0,0,0
8444,0,0,0,0,0,0,0,266073.739777207,0,0,0,0,0,0,0,0,0,0,0,0,0,0,0,0,0,0,0,0,0,0,0,0
8453,0,0,0,326.507230836537,0,0,0,9943.3526294061,0,0,0,0,0,0,0,0,0,0,0,0,0,0,0,0,0,0,0,0,4843.55379666563,0,0,3667.14861635092
8454,0,0,0,0,0,0,0,0,0,0,0,0,0,0,520,83335.8663771933,0,0,0,0,0,0,0,0,0,0,0,0,0,0,0,0
8345,0,0,0,9173.45988250572,0,0,0,0,0,0,0,0,0,0,0,0,0,0,0,0,0,0,0,0,0,0,0,0,11549.9819854622,0,0,2070.63502103101
8443,0,0,0,5557.98130599286,0,0,0,0,0,0,0,0,0,0,500,47278.9014790574,0,0,0,0,0,0,0,0,0,0,0,0,2966.14149601745,0,0,1294.99193284166
8451,0,0,0,10317.7997835415,0,0,0,3713.42421755262,2020273.59037207,0,0,0,0,0,0,29768.1843042226,0,0,0,0,0,0,0,0,0,0,0,0,4296.09863519683,0,0,2465.03627391889
8343,0,0,0,91160.8120512211,10910249.428051,0,0,213533.317007161,0,0,0,0,0,0,0,0,0,0,0,0,0,0,0,0,0,0,0,0,25644.2898175719,0,0,48028.0187225025
8344,0,0,0,0,0,0,0,628.982674882525,0,0,0,0,0,0,0,0,0,0,0,0,0,0,0,0,0,0,0,0,0,0,0,0
843,0,0,0,13082.99321402,0,0,0,53410.182759147,0,0,0,0,0,0,0,7037.40479817493,0,0,0,0,0,0,0,0,0,0,0,0,7038.64559299881,0,0,1691.26507239941
8342,0,0,0,759.985540162139,0,0,0,50079.2870542981,0,0,0,0,0,0,0,0,0,0,0,0,0,0,0,0,0,0,0,0,1050.32289950481,0,0,745.238699694094
8442,0,0,0,0,0,0,0,0,0,0,0,0,0,0,0,3431.85743281238,0,0,0,0,0,0,0,0,0,0,0,0,0,0,0,0
8441,0,0,0,0,0,0,0,0,0,0,0,0,0,0,0,0,0,0,0,0,0,0,0,0,0,0,0,0,0,0,0,0
842,0,0,0,10059.059927044,0,0,0,699.477331014106,1787459.20258829,0,0,0,0,0,0,4628.21810712488,0,0,0,0,0,0,0,0,0,0,0,0,7758.21109142072,0,0,41987.0356204599
8294,0,0,0,20695.5529942576,0,0,0,3160.13965882213,0,0,0,0,0,0,520,75170.7872789217,0,0,0,0,0,0,0,0,0,0,0,0,84702.6058429159,0,0,58879.9978160297
8293,0,0,0,0,0,0,0,0,0,0,0,0,0,0,0,0,0,0,0,0,0,0,0,0,0,0,0,0,0,0,0,0
8295,0,0,0,141530.011406258,358979.560788246,0,0,0,0,0,0,0,0,0,0,44371.3377795049,0,0,0,0,0,0,0,0,0,0,0,0,67375.253467254,0,0,33805.718095801
8582,0,0,0,0,0,0,0,0,0,0,0,0,0,0,1740,34810.7974089732,0,0,0,0,0,0,0,0,0,0,0,0,0,0,0,0
8585,0,0,0,0,0,0,0,0,0,0,0,0,0,0,500,514198.606756143,0,0,0,0,0,0,0,0,0,0,0,0,0,0,0,0
854,0,0,0,0,0,0,0,0,0,0,0,0,0,0,500,72123.5323571245,0,0,0,0,0,0,0,0,0,0,0,0,0,0,0,0
8583,0,0,0,0,0,0,0,0,0,0,0,0,0,0,17460,51834.6983621989,0,0,0,0,0,0,0,0,0,0,0,0,0,0,0,0
852,0,0,0,0,0,0,0,0,0,0,0,0,0,0,580,34644.3834441921,0,0,0,0,0,0,0,0,0,0,0,0,0,0,0,0
8581,0,0,0,0,0,0,0,3731.93331235086,8736102.88289659,0,0,0,0,0,3060,5588.13454843505,0,0,0,0,0,0,0,0,0,0,0,0,0,0,0,0
8584,0,0,0,0,0,0,0,0,0,0,0,0,0,0,0,7367.92167526107,0,0,0,0,0,0,0,0,0,0,0,0,0,0,0,0
841,0,0,0,1486.42750325295,0,0,0,0,0,0,0,0,0,0,3060,79841.129591242,0,0,0,0,0,0,0,0,0,0,0,0,3390.01745850238,0,0,376.703746117443
8292,0,0,0,15729.245052846,0,0,0,0,0,0,0,0,0,0,1980,3122.45135340954,0,0,0,0,0,0,0,0,0,0,0,0,18127.3647595984,0,0,4519.20049793907
8341,0,0,0,6442.97679944386,17148637.7661157,0,0,387707.83196227,50923.5061097906,0,0,0,0,0,1260,1380.93223161108,0,0,0,0,0,0,0,0,0,0,0,0,37890.4830593271,0,0,26849.1454383348
8623,0,0,0,0,0,0,0,1143.08274649943,0,0,0,0,0,0,23220,608833.580200576,0,0,0,0,0,0,0,0,0,0,0,0,0,0,0,0
8622,0,0,0,3461.2090595785,1802691.74087956,0,0,6341.51686356633,0,0,0,0,0,0,0,0,0,0,0,0,0,0,0,0,0,0,0,0,11704.0011799379,0,0,1321.38444486664
857,0,0,0,21975.0447920853,0,0,0,0,0,0,0,0,0,0,2700,26567.7084427177,0,0,0,0,0,0,0,0,0,0,0,0,10274.2588865858,0,0,4722.36296956523
8621,0,0,0,13424.3322615798,3959482.58921909,0,0,187486.330559202,0,0,0,0,0,0,0,0,0,0,0,0,0,0,0,0,0,0,0,0,239.488364477344,0,0,9896.64511699555
832,0,0,0,3371.92496937739,1150365.13214226,0,0,146902.462011549,0,0,0,0,0,0,0,17724.6621023513,0,0,0,0,0,0,0,0,0,0,0,0,5801.56647023896,0,0,117.947411196269
853,0,0,0,18319.0044102565,0,0,0,79776.275661421,0,0,0,0,0,0,0,0,0,0,0,0,0,0,0,0,0,0,0,0,35349.2369966725,0,0,22209.1405151022
8291,0,0,0,6623.92762027991,5383507.54594594,0,0,48715.8055176889,0,0,0,0,0,0,1640,54470.8172127933,0,0,0,0,0,0,0,0,0,0,0,0,20924.7892956987,0,0,30070.3244086026
863,0,0,0,67757.550796743,26826233.5217903,0,0,513336.82442471,0,0,0,0,0,0,0,0,0,0,0,0,0,0,0,0,0,0,0,0,21963.8300696519,0,0,28950.8190185446
833,0,0,0,0,0,0,0,0,0,0,0,0,0,0,540,5283.38539660134,0,0,0,0,0,0,0,0,0,0,0,0,0,0,0,0
851,0,0,0,0,0,0,0,0,0,0,0,0,0,0,0,7923.79679778767,0,0,0,0,0,0,0,0,0,0,0,0,0,0,0,0
835,0,0,0,0,0,0,0,0,0,0,0,0,0,0,0,43280.0869927182,0,0,0,0,0,0,0,0,0,0,0,0,0,0,0,0
824,0,0,0,13342.5226202748,3734684.25251094,0,0,215863.229375607,0,0,0,0,0,0,0,8161.70521851708,0,0,0,0,0,0,0,0,0,0,0,0,7078.59447076624,0,0,16907.8876537132
855,0,0,0,1099.39447078494,4615403.16117266,0,0,57766.6708353676,0,0,0,0,0,0,0,0,0,0,0,0,0,0,0,0,0,0,0,0,324.44278377586,0,0,141.184693770306
822,0,0,0,7577.41588892034,2010339.85468407,0,0,0,0,0,0,0,0,0,1980,25191.8460616804,0,0,0,0,0,0,0,0,0,0,0,0,20887.7268367222,0,0,3251.83187269598
8561,0,0,0,381.967179992655,0,0,0,0,0,0,0,0,0,0,0,0,0,0,0,0,0,0,0,0,0,0,0,0,1175.97909834761,0,0,909.292579728886
859,0,0,0,0,0,0,0,0,0,0,0,0,0,0,1000,5631.50571455784,0,0,0,0,0,0,0,0,0,0,0,0,0,0,0,0
861,0,0,0,4266.32651838065,0,0,0,0,0,0,0,0,0,0,8820,286042.137151696,0,0,0,0,0,0,0,0,0,0,0,0,365.419632204675,0,0,15503.0684240162
831,0,0,0,8711.18669684265,0,0,0,0,0,0,0,0,0,0,0,9855.43354612562,0,0,0,0,0,0,0,0,0,0,0,0,2947.99073243951,0,0,2008.6013752149
825,0,0,0,35848.6324387194,0,0,0,0,0,0,0,0,0,0,0,0,0,0,0,0,0,0,0,0,0,0,0,0,23315.6089556368,0,0,4482.86309532956
871,0,0,0,6048.85632549663,0,0,0,0,0,0,0,0,0,0,0,319760.954986402,0,0,0,0,0,0,0,0,0,0,0,0,12144.3182202293,0,0,11991.3923399753
821,0,0,0,48195.4331912201,0,0,0,0,0,0,0,0,0,0,0,2662.6422943839,0,0,0,0,0,0,0,0,0,0,0,0,3140.80084256028,0,0,22852.448939343
828,0,0,0,5518.87469063721,0,0,0,0,0,0,0,0,0,0,0,0,0,0,0,0,0,0,0,0,0,0,0,0,14130.9502241849,0,0,13096.6164841468
8562,0,0,0,2883.93927622462,0,0,0,0,0,0,0,0,0,0,6660,65376.7329130213,0,0,0,0,0,0,0,0,0,0,0,0,6352.88094154768,0,0,9504.91644267802
873,0,0,0,2583.32764265953,0,0,0,0,0,0,0,0,18781.7180255901,0,25020,85916.2788749283,0,0,0,0,0,0,0,0,0,0,0,0,1511.05220416889,0,0,3896.23714096855
85632,0,0,0,0,0,0,0,0,0,0,0,0,0,0,4180,11339.6091928424,0,0,0,0,0,0,0,0,0,0,0,0,0,0,0,0
823,0,0,0,9476.47985942844,3253371.4189696,0,0,0,0,0,0,0,0,0,0,1269.97443440835,0,0,0,0,0,0,0,0,0,0,0,0,12418.9187631362,0,0,4962.66395949427
827,0,0,0,1840.11505891045,0,0,0,0,0,0,0,0,0,0,0,2799.15907783395,0,0,0,0,0,0,0,0,0,0,0,0,14398.7260397067,0,0,2559.62281776647
784,0,0,0,16496.8493677265,0,0,0,0,0,0,0,0,0,0,0,0,0,0,0,0,0,0,0,0,0,0,0,0,12021.8218267207,0,0,15970.165563627
783,0,0,0,0,0,0,0,0,0,0,0,0,0,0,580,21516.5092471597,0,0,0,0,0,0,0,0,0,0,0,0,0,0,0,0
85631,0,0,0,4409.98858369891,0,0,0,0,0,0,0,0,0,0,0,4035.25718945789,0,0,0,0,0,0,0,0,0,0,0,0,6700.78299705232,0,0,3003.16532786629
872,0,0,0,6821.69526849208,0,0,0,0,0,0,0,0,0,0,0,9484.9733677157,0,0,0,0,0,0,0,0,0,0,0,0,4638.84836524672,0,0,2795.03014970339
8641,0,0,0,29891.9465480854,0,0,0,0,0,0,0,0,0,0,2500,606974.687727903,0,0,0,0,0,0,0,0,0,0,0,0,7177.55408228186,0,0,28524.3369521899
866,0,0,0,12659.7186926293,0,0,0,0,0,0,0,0,0,0,0,19536.34740996,0,0,0,0,0,0,0,0,0,0,0,0,4811.33438132124,0,0,41623.4022353075
865,0,0,0,6035.44233255146,1546551.31967392,0,0,83248.2360773639,0,0,0,0,0,0,2260,130940.835538665,0,0,0,0,0,0,0,0,0,0,0,0,9614.86324728032,0,0,7777.11700187896
826,0,0,0,9882.62023387116,18480016.2951183,0,0,0,0,0,0,0,0,0,0,9858.48159587872,0,0,0,0,0,0,0,0,0,0,0,0,70444.34598144,0,0,23621.7668283605
782,0,0,0,85493.316886227,54411880.36244,0,0,0,0,0,0,0,0,0,0,0,0,0,0,0,0,0,0,0,0,0,0,0,85140.6922919088,0,0,121.458549652473
8642,0,0,0,0,0,0,0,0,0,0,0,0,0,0,0,0,0,0,0,0,0,0,0,0,0,0,0,0,0,0,0,0
781,0,0,0,83.8864993191727,0,0,0,0,0,0,0,0,0,0,0,57982.7505015687,0,0,0,0,0,0,0,0,0,0,0,0,324.662413605983,0,0,140.579000907288
772,0,0,0,0,0,0,0,0,0,0,0,0,0,0,0,0,0,0,0,0,0,0,0,0,0,0,0,0,0,0,0,0
761,0,0,0,0,0,0,0,0,0,0,0,0,0,0,6500,1618172.44006822,0,0,0,0,0,0,0,0,0,0,0,0,0,0,0,0
876,0,0,0,5505.1087623065,0,0,0,0,0,0,0,0,0,0,3880,5614.21382735214,0,0,0,0,0,0,0,0,0,0,0,0,3680.12023375934,0,0,2034.30964797098
8671,0,0,0,24381.9738117824,0,0,0,0,0,0,0,0,0,0,387220,5422854.81682144,0,0,0,0,0,0,0,0,0,0,0,0,42354.8726280271,0,0,81072.0611349368
8564,0,0,0,3673.51003126998,0,0,0,0,0,0,0,0,0,0,54180,993857.12662966,0,0,0,0,0,0,0,0,0,0,0,0,1028.43145209631,0,0,3862.98517782192
878,0,0,0,11229.8691652001,0,0,0,0,0,0,0,0,0,0,0,0,0,0,0,0,0,0,0,0,0,0,0,0,8356.30521477992,0,0,7612.71920787136
746,0,0,0,0,0,0,0,0,0,0,0,0,0,0,0,21619.8558476846,0,0,0,0,0,0,0,0,0,0,0,0,0,0,0,0
75,0,0,0,39859.3146178993,0,0,0,0,0,0,0,0,0,0,5220,353550.568099482,0,0,0,10514.5189190817,6131.36159252904,0,0,0,0,0,0,0,29827.6894072609,0,0,46555.7014441172
723,0,0,0,46308.7986316853,0,0,0,0,0,0,0,0,0,0,3060,162606.410584322,0,0,0,0,0,0,0,0,0,0,0,0,7621.88870814716,0,0,13482.5157086749
745,0,0,0,121074.440241112,0,0,0,0,0,0,0,0,0,0,0,21973.2966625007,0,0,0,0,0,0,0,0,0,0,0,0,27185.200881934,0,0,104294.615769204
875,0,0,0,4528.79700338585,0,0,0,0,0,0,0,0,0,0,5260,218523.933742719,0,0,0,0,0,0,0,0,0,0,0,0,34378.7498430971,0,0,35200.3389071298
762,0,0,0,15847.4409365625,0,0,0,0,0,0,0,0,0,0,0,3708.42694468257,0,0,0,0,0,0,0,0,0,0,0,0,11784.8267453272,0,0,7506.18848785805
721,0,0,0,9008.08170258274,0,0,0,0,0,0,0,0,0,0,0,17758.8782045799,0,0,0,0,0,0,0,0,0,0,0,0,19421.5437463875,0,0,11906.6383842108
73,0,0,0,6365.72936620605,0,0,0,0,0,0,0,0,0,0,0,76696.245517906,0,0,0,0,0,0,0,0,0,0,0,0,3885.57164242006,0,0,259.206701190773
879,0,0,0,4858.65494928705,1300286.03648072,0,0,0,0,0,0,0,0,0,0,645.523479043284,0,0,0,0,0,0,0,0,0,0,0,0,360.339731145808,0,0,2101.83288070086
741,0,0,0,0,0,0,0,0,0,0,0,0,0,0,0,2053.49516451987,0,0,0,0,0,0,0,0,0,0,0,0,0,0,0,0
743,0,0,0,3234.87353201259,8496183.62317095,0,0,0,0,0,0,0,0,0,27680,228916.364777328,0,0,0,0,0,0,0,0,0,0,0,0,6006.62064650192,0,0,12530.759444267
8672,0,0,0,109053.99060116,11268386.0414421,0,0,0,0,0,0,0,0,0,16060,355622.716921299,0,0,0,38493.900245658,40267.5300440135,0,0,7560,0,0,0,0,115220.916018591,0,0,96546.3742588147
874,0,0,0,52539.3725573388,3170146.41739798,0,0,0,0,0,0,0,0,0,40080,3678164.95736268,0,0,0,0,0,0,0,0,0,0,0,0,17514.0362211289,0,0,55894.9921055993
722,0,0,0,240.282335244251,0,0,0,0,0,0,0,0,0,0,2120,132768.467748709,0,0,0,0,0,0,0,0,0,0,0,0,1919.06419329302,0,0,5699.69079081886
8565,0,0,0,1549.2324806155,0,0,0,0,0,0,0,0,0,0,350220,36995.3042813554,0,0,0,0,0,0,0,0,0,0,0,0,31.9670913948837,0,0,5792.43430405384
877,0,0,0,145687.40970026,0,0,0,0,0,0,0,0,0,0,0,18077.294929641,0,0,0,0,0,0,0,0,0,10237.8433478893,0,0,75067.9718781121,0,0,24829.8447301354
71,0,0,0,182525.393962637,0,0,0,0,0,0,0,0,0,0,500,35666.3129630808,0,0,0,21646.367242954,12240.7299260798,0,0,0,0,0,0,0,78571.7428936968,0,0,57747.7499461721
744,0,0,0,25663.883715003,0,0,0,0,0,0,0,0,0,0,0,5855.33065984739,0,0,0,0,0,0,0,0,0,0,0,0,4206.03183308028,0,0,12657.9103971469
89542,0,0,0,51596.2957327445,0,0,0,0,0,0,0,0,0,0,580,2484.03414268235,0,0,0,0,0,0,0,0,0,0,0,0,5517.92222779148,0,0,17076.7071640432
747,0,0,0,31980.3564999208,0,0,0,0,0,0,0,0,0,0,0,4464.56113106784,0,0,0,0,0,0,0,0,0,0,0,0,15357.3847897255,0,0,32052.3301373666
742,0,0,0,9970.19472911933,0,0,0,0,0,0,0,0,0,0,540,24041.7301604719,0,0,0,0,0,0,0,0,0,0,0,0,38022.7262452753,0,0,20544.6112173432
642,0,0,0,13.0708499208748,0,0,0,0,0,0,0,0,0,0,0,9422.5663784065,0,0,0,0,0,0,0,0,0,0,0,0,6996.92806257926,0,0,9657.75489461168
8952,0,0,0,3609.57819854159,0,0,0,0,0,0,0,0,0,0,4680,197176.369464852,0,0,0,0,0,0,0,0,0,0,0,0,63640.09646288,0,0,3806.6020711567
893,0,0,0,48357.6193245215,0,0,0,0,0,0,0,0,0,0,1640,11683.1031123563,0,0,0,0,0,0,0,0,0,0,0,0,20222.441215586,0,0,25921.5382534556
622,0,0,0,0,0,0,0,0,0,0,0,0,0,0,0,0,0,0,0,0,0,0,0,0,0,0,0,0,0,0,0,0
8951,0,0,0,0,0,0,0,0,0,0,0,0,0,0,0,0,0,0,0,0,0,0,0,0,0,0,0,0,0,0,0,0
623,0,0,0,0,0,0,0,0,0,0,0,0,0,0,0,0,0,0,0,0,0,0,0,0,0,0,0,0,0,0,0,0
641,0,0,0,0,0,0,0,0,0,0,0,0,0,0,10260,500577.003693105,0,0,0,0,0,0,0,0,0,0,0,0,0,0,0,0
891,0,0,0,0,0,0,0,0,0,0,0,0,0,0,20940,676120.470823497,0,0,0,484.258011208967,576.643094223292,0,0,0,0,0,0,0,0,0,0,0
59,0,0,0,0,0,0,0,0,0,0,0,0,0,0,10680,453117.691179512,0,0,0,45470.0491714618,64902.0665632105,25000,330000,16200,0,0,0,0,0,0,0,0
56,0,0,0,0,0,0,0,0,0,0,0,0,0,0,0,70045.9556995173,0,0,0,2645.56046698501,38686.6971782811,0,174000,0,0,0,0,0,0,0,0,0
61,0,0,0,0,0,0,0,0,0,0,0,0,0,0,3040,335875.724677683,0,0,0,0,0,0,0,0,0,0,0,0,0,0,0,0
621,0,0,0,0,0,0,0,0,0,0,0,0,0,0,3600,3186.07783559061,0,0,0,0,0,0,0,0,0,0,0,0,0,0,0,0
89541,0,0,0,0,0,0,0,0,0,0,0,0,0,0,9000,261913.807211403,0,0,0,0,0,0,0,0,0,0,0,0,0,0,0,0
581,0,0,0,0,0,0,0,0,0,0,0,0,0,0,500,146308.937503262,0,0,0,0,0,0,0,0,0,0,0,0,0,0,0,0
8953,0,0,0,0,0,0,0,0,0,0,0,0,0,0,47580,678384.504697837,0,0,0,5582.91245306977,2830.86349388158,0,0,0,0,0,0,0,0,0,0,0
643,0,0,0,0,0,0,0,0,0,0,0,0,0,0,11320,247310.724078169,0,0,0,0,0,0,0,0,0,0,0,0,0,0,0,0
8941,0,0,0,0,0,0,0,0,0,0,0,0,0,0,0,0,0,0,0,0,0,0,0,0,0,0,0,0,0,0,0,0
635,0,0,0,0,0,0,0,0,0,0,0,0,0,0,0,0,0,0,0,0,0,0,0,0,0,0,0,0,0,0,0,0
637,0,0,0,0,0,0,0,0,0,0,0,0,0,0,0,0,0,0,0,0,0,0,0,0,0,0,0,0,0,0,0,0
88,0,0,0,0,0,0,0,0,0,0,0,0,0,0,0,19497.7889859573,0,0,0,5454.760679535,1875.52400253504,0,0,0,0,0,0,0,0,0,0,0
55,0,0,0,0,0,0,0,0,0,0,0,0,0,0,540,30904.757345144,0,0,0,0,0,0,0,0,0,0,0,0,0,0,0,0
54,0,0,0,0,0,0,0,0,0,0,0,0,0,0,500,392724.300442229,0,0,0,0,0,0,0,0,0,0,0,0,0,0,0,0
8955,0,0,0,0,0,0,0,0,0,0,0,0,0,0,10260,215205.758078679,0,0,0,0,0,0,0,0,0,0,0,0,0,0,0,0
633,0,0,0,0,0,0,0,0,0,0,0,0,0,0,0,0,0,0,0,0,0,0,0,0,0,0,0,0,0,0,0,0
631,0,0,0,0,0,0,0,0,0,0,0,0,0,0,1500,35077.3590477543,0,0,0,0,0,0,0,0,0,0,0,0,0,0,0,0
8956,0,0,0,0,0,0,0,0,0,0,0,0,0,0,500,937463.709063393,0,0,0,0,0,0,0,0,0,0,0,0,0,0,0,0
654,0,0,0,0,0,0,0,0,0,0,0,0,0,0,4860,76068.6427221953,0,0,0,0,0,0,0,0,0,0,0,0,0,0,0,0
651,0,0,0,0,0,0,0,0,0,0,0,0,0,0,0,22415.8119654357,0,0,0,0,0,0,0,0,0,0,0,0,0,0,0,0
8942,0,0,0,0,0,0,0,0,0,0,0,0,0,0,500,51466.7873217104,0,0,0,0,0,0,0,0,0,0,0,0,0,0,0,0
671,0,0,0,0,0,0,0,0,0,0,0,0,0,0,0,0,0,0,0,0,0,0,0,0,0,0,0,0,0,0,0,0
892,0,0,0,0,0,0,0,0,0,0,0,0,0,0,4500,215176.069247153,0,0,0,0,0,0,0,0,0,0,0,0,0,0,0,0
639,0,0,0,0,0,0,0,0,0,0,0,0,0,0,1000,180163.918085193,0,0,0,0,0,0,0,0,0,0,0,0,0,0,0,0
673,0,0,0,0,0,0,0,0,0,0,0,0,0,0,0,0,0,0,0,0,0,0,0,0,0,0,0,0,0,0,0,0
636,0,0,0,0,0,0,0,0,0,0,0,0,0,0,0,0,0,0,0,0,0,0,0,0,0,0,0,0,0,0,0,0
672,0,0,0,0,0,0,0,0,0,0,0,0,0,0,0,68359.3890387376,0,0,0,0,0,0,0,0,0,0,0,0,0,0,0,0
655,0,0,0,0,0,0,0,0,0,0,0,0,0,0,0,0,0,0,0,0,0,0,0,0,0,0,0,0,0,0,0,0
638,0,0,0,0,0,0,0,0,0,0,0,0,0,0,0,0,0,0,0,0,0,0,0,0,0,0,0,0,0,0,0,0
8943,0,0,0,0,0,0,0,0,0,0,0,0,0,0,7880,24888.0527563803,0,0,0,0,0,0,0,0,0,0,0,0,0,0,0,0
632,0,0,0,0,0,0,0,0,0,0,0,0,0,0,0,18506.3458056684,0,0,0,0,0,0,0,0,0,0,0,0,0,0,0,0
653,0,0,0,0,0,0,0,0,0,0,0,0,0,0,1260,31689.6015973247,0,0,0,0,0,0,0,0,0,0,0,0,0,0,0,0
52,0,0,0,0,0,0,0,0,0,0,0,0,0,0,1980,23560.4497598299,0,0,0,0,0,0,0,0,0,0,0,0,0,0,0,0
634,0,0,0,0,0,0,0,0,0,0,0,0,0,0,0,0,0,0,0,0,0,0,0,0,0,0,0,0,0,0,0,0
53,0,0,0,0,0,0,0,0,0,0,0,0,0,0,1500,551688.912021317,0,0,0,19978.3607598293,35229.3945206466,0,174000,3480,0,0,0,0,0,0,0,0
8957,0,0,0,0,0,0,0,0,0,0,0,0,0,0,23400,166506.693556676,0,0,0,0,0,0,0,0,0,0,0,0,0,0,0,0
682,0,0,0,0,0,0,0,0,0,0,0,0,0,0,0,0,0,0,0,0,0,0,0,0,0,0,0,0,0,0,0,0
652,0,0,0,0,0,0,0,0,0,0,0,0,0,0,0,2924.58090368871,0,0,0,0,0,0,0,0,0,0,0,0,0,0,0,0
684,0,0,0,0,0,0,0,0,0,0,0,0,0,0,2540,28573.6340813216,0,0,0,0,0,0,0,0,0,0,0,0,0,0,0,0
51,0,0,0,0,0,0,0,0,0,0,0,0,0,0,5220,194197.661039232,0,0,0,0,0,0,0,0,0,0,0,0,0,0,0,0
675,0,0,0,0,0,0,0,0,0,0,0,0,0,0,1040,28291.8226694185,0,0,0,0,0,0,0,0,0,0,0,0,0,0,0,0
58321,0,0,0,0,0,0,0,0,0,0,0,0,0,0,0,0,0,0,0,0,0,0,0,0,0,0,0,0,0,0,0,0
685,0,0,0,0,0,0,0,0,0,0,0,0,0,0,0,14959.4024662671,0,0,0,0,0,0,0,0,0,0,0,0,0,0,0,0
686,0,0,0,0,0,0,0,0,0,0,0,0,0,0,0,42729.518257235,0,0,0,0,0,0,0,0,0,0,0,0,0,0,0,0
681,0,0,0,0,0,0,0,0,0,0,0,0,0,0,580,5032.46496665872,0,0,0,0,0,0,0,0,0,0,0,0,0,0,0,0
5831,0,0,0,0,0,0,0,0,0,0,0,0,0,0,1000,17726.3755550265,0,0,0,0,0,0,0,0,0,0,0,0,0,0,0,0
688,0,0,0,0,0,0,0,0,0,0,0,0,0,0,4680,149790.492137144,0,0,0,0,0,0,0,0,0,0,0,0,0,0,0,0
42,0,0,0,0,0,0,0,0,0,0,0,0,0,0,9560,290931.617647191,0,0,0,0,0,0,0,0,0,0,0,0,0,0,0,0
674,0,0,0,0,0,0,0,0,0,0,0,0,0,0,0,838.820545859085,0,0,0,0,0,0,0,0,0,0,0,0,0,0,0,0
41,0,0,0,0,0,0,0,0,0,0,0,0,0,0,108240,1376995.93413966,0,0,252000,11048.1162307077,8601.39713995223,0,0,0,0,0,0,0,0,0,0,0
691,0,0,0,0,0,0,0,0,0,0,0,0,0,0,9900,112233.33361942,0,0,0,0,0,0,0,0,0,0,0,0,0,0,0,0
6382,0,0,0,0,0,0,0,0,0,0,0,0,0,0,0,56363.7782731856,0,0,0,0,0,0,0,0,0,0,0,0,0,0,0,0
693,0,0,0,0,0,0,0,0,0,0,0,0,0,0,0,34564.8809593007,0,0,0,0,0,0,0,0,0,0,0,0,0,0,0,0
683,0,0,0,0,0,0,0,0,0,0,0,0,0,0,2900,26463.5294566227,0,0,0,0,0,0,0,0,0,0,0,0,0,0,0,0
687,0,0,0,0,0,0,0,0,0,0,0,0,0,0,7740,8629.70185635132,0,0,0,11929.2136782451,12005.4883799541,0,0,0,0,0,0,0,0,0,0,0
32,0,0,0,0,0,0,0,0,0,0,0,0,0,0,0,7276.38033017348,0,0,0,0,0,0,0,0,0,0,0,0,0,0,0,0
689,0,0,0,0,0,0,0,0,0,0,0,0,0,0,0,63842.0921194562,0,0,0,0,0,0,0,0,0,0,0,0,0,0,0,0
5821,0,0,0,0,0,0,0,0,0,0,0,0,0,0,5980,427468.125974606,0,0,0,7162.37003950513,184.817793865137,0,0,0,0,0,0,0,0,0,0,0
224,0,0,0,0,0,0,0,0,0,0,0,0,0,0,0,15136.4451969678,0,0,0,0,0,0,0,0,0,0,0,0,0,0,0,0
225,0,0,0,0,0,0,0,0,0,0,0,0,0,0,0,14268.8383052446,0,0,0,0,0,0,0,0,0,0,0,0,0,0,0,0
6921,0,0,0,0,0,0,0,0,0,0,0,0,0,0,2520,31393.922207036,0,0,0,0,0,0,0,0,0,0,0,0,0,0,0,0
58322,0,0,0,0,0,0,0,0,0,0,0,0,0,0,0,0,0,0,0,0,0,0,0,0,0,0,0,0,0,0,0,0
227,0,0,0,0,0,0,0,0,0,0,0,0,0,0,500,6499.13428188261,0,0,0,10159.3600124863,9142.4586472765,0,0,0,0,0,0,0,0,0,0,0
34,0,0,0,0,0,0,0,0,0,0,0,0,0,0,48600,765074.508633033,0,0,0,0,0,0,0,0,0,0,0,0,0,0,0,0
58323,0,0,0,0,0,0,0,0,0,0,0,0,0,0,1540,215392.034575152,0,0,0,0,0,0,0,0,0,0,0,0,0,0,0,0
66,0,0,0,0,0,0,0,0,0,0,0,0,0,0,18940,351576.954507631,0,0,0,0,0,0,0,0,0,0,0,0,0,0,0,0
226,0,0,0,0,0,0,0,0,0,0,0,0,0,0,0,13961.6025193416,0,0,0,0,0,0,0,0,0,0,0,0,0,0,0,0
696,0,0,0,0,0,0,0,0,0,0,0,0,0,0,2520,43329.3522723621,0,0,0,0,0,0,0,0,0,0,0,0,0,0,0,0
43,0,0,0,0,0,0,0,0,0,0,0,0,0,0,51200,651917.205547876,0,0,0,327.66504228472,892.451832020865,0,0,0,0,0,0,0,0,0,0,0
128,0,0,0,0,0,0,0,0,0,0,0,0,0,0,540,17187.7907014394,0,0,0,0,0,0,0,0,0,0,0,0,0,0,0,0
129,0,0,0,0,0,0,0,0,0,0,0,0,0,0,11160,67260.7905241944,0,0,0,0,0,0,0,0,0,0,0,0,0,0,0,0
5833,0,0,0,0,0,0,0,0,0,0,0,0,0,0,0,3073.73436310968,0,0,0,0,0,0,0,0,0,0,0,0,0,0,0,0
6922,0,0,0,0,0,0,0,0,0,0,0,0,0,0,8360,72164.548684547,0,0,0,0,0,0,0,0,0,0,0,0,0,0,0,0
6923,0,0,0,0,0,0,0,0,0,0,0,0,0,0,42880,44753.0910022338,0,0,0,0,0,0,0,0,0,0,0,0,0,0,0,0
6941,0,0,0,0,0,0,0,0,0,0,0,0,0,0,21900,753229.864720362,0,0,0,13984.9287351523,1804.14324710339,29000,0,0,0,0,0,0,0,0,0,0
45,0,0,0,0,0,0,0,0,0,0,0,0,0,0,0,261738.545073261,0,0,0,9120.21741360436,7520.33530078844,0,0,0,0,0,0,0,0,0,0,0
58221,0,0,0,0,0,0,0,0,0,0,0,0,0,0,500,75152.7440018732,0,0,0,0,0,0,0,0,0,0,0,0,0,0,0,0
6942,0,0,0,0,0,0,0,0,0,0,0,0,0,0,4000,116852.201159509,0,0,0,7228.86754108075,967.831572502773,0,0,0,0,0,0,0,0,0,0,0
12623,0,0,0,0,0,0,0,0,0,0,0,0,0,0,1060,121003.967646884,0,0,0,0,0,0,0,0,0,0,0,0,0,0,0,0
695,0,0,0,0,0,0,0,0,0,0,0,0,0,0,1500,172228.479179846,0,0,0,28972.5347516,19395.74844213,29000,0,3480,0,0,0,0,0,0,0,0
58225,0,0,0,0,0,0,0,0,0,0,0,0,0,0,4640,111063.239383261,0,0,0,0,0,0,0,0,0,0,0,0,0,0,0,0
12625,0,0,0,0,0,0,0,0,0,0,0,0,0,0,500,456349.488262995,0,0,0,0,0,0,0,0,0,0,0,0,0,0,0,0
12621,0,0,0,0,0,0,0,0,0,0,0,0,0,0,540,46243.1309329548,0,0,0,0,0,0,0,0,0,0,0,0,0,0,0,0
2231,0,0,0,0,0,0,0,0,0,0,0,0,0,0,8840,140669.141420661,0,0,0,0,0,0,0,0,0,0,0,0,0,0,0,0
461,0,0,0,0,0,0,0,0,0,0,0,0,0,0,0,1617.78656375492,0,0,0,0,0,0,0,0,0,0,0,0,0,0,0,0
44,0,0,0,0,0,0,0,0,0,0,0,0,0,0,8220,757109.998604148,0,0,0,0,0,0,0,0,0,0,0,0,0,0,0,0
125,0,0,0,0,0,0,0,0,0,0,0,0,0,0,9000,288581.236755745,0,0,0,0,0,0,0,0,0,0,0,0,0,0,0,0
127,0,0,0,0,0,0,0,0,0,0,0,0,0,0,7620,539963.247677201,0,0,0,0,0,0,0,0,0,0,0,0,0,0,0,0
58224,0,0,0,0,0,0,0,0,0,0,0,0,0,0,0,18041.9985143664,0,0,0,0,0,0,0,0,0,0,0,0,0,0,0,0
58222,0,0,0,0,0,0,0,0,0,0,0,0,0,0,0,0,0,0,0,0,0,0,0,0,0,0,0,0,0,0,0,0
58223,0,0,0,0,0,0,0,0,0,0,0,0,0,0,1800,23489.036160749,0,0,0,0,0,0,0,0,0,0,0,0,0,0,0,0
4847,0,0,0,0,0,0,0,0,0,0,0,0,0,0,13320,150848.805709578,0,0,0,47871.0219032462,27677.1190563577,26000,156000,11880,0,0,0,0,0,0,0,0
697,0,0,0,0,0,0,0,0,0,0,0,0,0,0,11200,1205302.00421032,0,0,0,0,0,0,0,0,0,0,0,0,0,0,0,0
4844,0,0,0,0,0,0,0,0,0,0,0,0,0,0,0,0,0,0,0,0,0,0,0,0,0,0,0,0,0,0,0,0
12624,0,0,0,0,0,0,0,0,0,0,0,0,0,0,1260,36818.8072729012,0,0,0,0,0,0,0,0,0,0,0,0,0,0,0,0
124,0,0,0,0,0,0,0,0,0,0,0,0,0,0,7420,193512.995368201,0,0,0,0,0,0,0,0,0,0,0,0,0,0,0,0
12622,0,0,0,0,0,0,0,0,0,0,0,0,0,0,500,59484.8690995409,0,0,0,0,0,0,0,0,0,0,0,0,0,0,0,0
481,0,0,0,0,0,0,0,0,0,0,0,0,0,0,0,0,0,0,0,0,0,0,0,0,0,0,0,0,0,0,0,0
462,0,0,0,0,0,0,0,0,0,0,0,0,0,0,0,12332.7630961001,0,0,0,0,0,0,0,0,0,0,0,0,0,0,0,0
2232,0,0,0,0,0,0,0,0,0,0,0,0,0,0,0,4737.30003579394,0,0,0,0,0,0,0,0,0,0,0,0,0,0,0,0
12631,0,0,0,0,0,0,0,0,0,0,0,0,0,0,27000,412530.181593974,0,0,58000,0,0,0,0,0,0,0,0,0,0,0,0,0
4846,0,0,0,0,0,0,0,0,0,0,0,0,0,0,500,97686.1899802863,0,0,0,1013.29945540675,18461.5775159847,0,0,0,0,0,0,0,0,0,0,0
1261,0,0,0,0,0,0,0,0,0,0,0,0,0,0,3620,74799.1722472008,0,0,0,0,0,0,0,0,0,0,0,0,0,0,0,0
4845,0,0,0,0,0,0,0,0,0,0,0,0,0,0,7140,57694.3707548521,0,0,0,0,0,0,0,0,0,0,0,0,0,0,0,0
4851,0,0,0,0,0,0,0,0,0,0,0,0,0,0,0,54489.6231986067,0,0,0,0,0,0,0,0,0,0,0,0,0,0,0,0
4821,0,0,0,0,0,0,0,0,0,0,0,0,0,0,0,0,0,0,0,0,0,0,0,0,0,0,0,0,0,0,0,0
4841,0,0,0,0,0,0,0,0,0,0,0,0,0,0,18880,1394374.88248831,0,0,0,0,0,0,0,0,0,0,0,0,0,0,0,0
483,0,0,0,0,0,0,0,0,0,0,0,0,0,0,1080,22483.5563810932,0,0,0,0,0,0,0,0,0,0,0,0,0,0,0,0
12633,0,0,0,0,0,0,0,0,0,0,0,0,0,0,27600,233913.263895509,0,0,0,2312.41395804678,18016.2320466788,0,174000,3480,0,0,0,0,0,0,0,0
4822,0,0,0,0,0,0,0,0,0,0,0,0,0,0,0,14717.5058954943,0,0,0,0,0,0,0,0,0,0,0,0,0,0,0,0
4842,0,0,0,0,0,0,0,0,0,0,0,0,0,0,6500,1408806.609027,0,0,0,0,0,0,0,0,0,0,0,0,0,0,0,0
4843,0,0,0,0,0,0,0,0,0,0,0,0,0,0,309800,9434564.83149135,0,0,0,11348.6923402868,19529.1049466138,0,0,0,0,0,0,0,0,0,0,0
126321,0,0,0,0,0,0,0,0,0,0,0,0,0,0,56420,3175791.71381286,0,0,0,0,0,0,0,0,0,0,0,0,0,0,0,0
1146,0,0,0,0,0,0,0,0,0,0,0,0,0,0,5160,25771.0246978192,0,0,0,0,0,0,0,0,0,0,0,0,0,0,0,0
47,0,0,0,0,0,0,0,0,0,0,0,0,0,0,4500,87152.3778937535,0,0,0,0,0,0,0,0,0,0,0,0,0,0,0,0
126322,0,0,0,0,0,0,0,0,0,0,0,0,0,0,500,100315.41630361,0,0,0,0,0,0,0,0,0,0,0,0,0,0,0,0
4853,0,0,0,0,0,0,0,0,0,0,0,0,0,0,0,53190.295528709,0,0,0,0,0,0,0,0,0,0,0,0,0,0,0,0
4854,0,0,0,0,0,0,0,0,0,0,0,0,0,0,580,13507.2677919209,0,0,0,0,0,0,0,0,0,0,0,0,0,0,0,0
123,0,0,0,0,0,0,0,0,0,0,0,0,0,0,11320,58959.8539990186,0,0,0,0,0,0,0,0,0,0,0,0,0,0,0,0
463,0,0,0,0,0,0,0,0,0,0,0,0,0,0,520,71609.8004231274,0,0,0,0,0,0,0,0,0,0,0,0,0,0,0,0
12635,0,0,0,0,0,0,0,0,0,0,0,0,0,0,20460,481411.497094674,0,0,0,0,0,0,0,0,0,0,0,0,0,0,0,0
4824,0,0,0,0,0,0,0,0,0,0,0,0,0,0,0,0,0,0,0,0,0,0,0,0,0,0,0,0,0,0,0,0
12634,0,0,0,0,0,0,0,0,0,0,0,0,0,0,24940,444259.219092159,0,0,0,0,0,0,0,0,0,0,0,0,0,0,0,0
48572,0,0,0,0,0,0,0,0,0,0,0,0,0,0,4180,110774.115162051,0,0,0,0,0,0,0,0,0,0,0,0,0,0,0,0
4826,0,0,0,0,0,0,0,0,0,0,0,0,0,0,1160,6634.92540206525,0,0,0,0,0,0,0,0,0,0,0,0,0,0,0,0
4825,0,0,0,0,0,0,0,0,0,0,0,0,0,0,0,11895.604407925,0,0,0,0,0,0,0,0,0,0,0,0,0,0,0,0
4823,0,0,0,0,0,0,0,0,0,0,0,0,0,0,540,29038.8161182584,0,0,0,0,0,0,0,0,0,0,0,0,0,0,0,0
122,0,0,0,0,0,0,0,0,0,0,0,0,0,0,3000,337848.195291705,0,0,0,0,0,0,0,0,0,0,0,0,0,0,0,0
121,0,0,0,0,0,0,0,0,0,0,0,0,0,0,1160,45258.5699456084,0,0,0,0,0,0,0,0,0,0,0,0,0,0,0,0
1147,0,0,0,0,0,0,0,0,0,0,0,0,0,0,3780,57399.7120557352,0,0,0,0,0,0,0,0,0,0,0,0,0,0,0,0
1145,0,0,0,0,0,0,0,0,0,0,0,0,0,0,4700,138108.185608456,0,0,0,0,0,0,0,0,0,0,0,0,0,0,0,0
48574,0,0,0,0,0,0,0,0,0,0,0,0,0,0,15280,428278.604896311,0,0,0,0,0,0,0,0,0,0,0,0,0,0,0,0
118,0,0,0,0,0,0,0,0,0,0,0,0,0,0,0,19968.8811243367,0,0,0,0,0,0,0,0,0,0,0,0,0,0,0,0
48591,0,0,0,0,0,0,0,0,0,0,0,0,0,0,0,2447.69151669354,0,0,0,0,0,0,0,0,0,0,0,0,0,0,0,0
48571,0,0,0,0,0,0,0,0,0,0,0,0,0,0,5040,96312.4598176742,0,0,0,0,0,0,0,0,0,0,0,0,0,0,0,0
1162,0,0,0,0,0,0,0,0,0,0,0,0,0,0,12280,212553.863727188,0,0,0,0,0,0,0,0,0,0,0,0,0,0,0,0
4858,0,0,0,0,0,0,0,0,0,0,0,0,0,0,7100,1234017.65411488,0,0,0,0,0,0,0,0,0,0,0,0,0,0,0,0
4855,0,0,0,0,0,0,0,0,0,0,0,0,0,0,16740,215949.18805582,0,0,0,0,0,0,0,0,0,0,0,0,0,0,0,0
1144,0,0,0,0,0,0,0,0,0,0,0,0,0,0,7380,96018.6359871266,0,0,0,0,0,0,0,0,0,0,0,0,0,0,0,0
4856,0,0,0,0,0,0,0,0,0,0,0,0,0,0,14440,527749.143459437,0,0,0,0,0,0,0,0,0,0,0,0,0,0,0,0
1161,0,0,0,0,0,0,0,0,0,0,0,0,0,0,9360,6871.86086404689,0,0,0,0,0,0,0,0,0,0,0,0,0,0,0,0
1141,0,0,0,0,0,0,0,0,0,0,0,0,0,0,0,30161.1735385663,0,0,0,0,0,0,0,0,0,0,0,0,0,0,0,0
115,0,0,0,0,0,0,0,0,0,0,0,0,0,0,0,558.886905461031,0,0,0,0,0,0,0,0,0,0,0,0,0,0,0,0
113,0,0,0,0,0,0,0,0,0,0,0,0,0,0,0,3754.17240502042,0,0,0,0,0,0,0,0,0,0,0,0,0,0,0,0
48592,0,0,0,0,0,0,0,0,0,0,0,0,0,0,5340,598258.953229737,0,0,0,0,0,0,0,0,0,0,0,0,0,0,0,0
48593,0,0,0,0,0,0,0,0,0,0,0,0,0,0,14320,585038.913339209,0,0,0,0,0,0,0,0,0,0,0,0,0,0,0,0
111,0,0,0,0,0,0,0,0,0,0,0,0,0,0,580,5700.00574258157,0,0,0,0,0,0,0,0,0,0,0,0,0,0,0,0
112,0,0,0,0,0,0,0,0,0,0,0,0,0,0,1100,18400.6791270341,0,0,0,0,0,0,0,0,0,0,0,0,0,0,0,0
35,0,0,0,0,0,0,0,0,0,0,0,0,0,0,20640,755283.530781831,0,0,0,21395.420926714,55385.2099811589,27000,0,7560,0,0,0,0,0,0,0,0
33,0,0,0,0,0,0,0,0,0,0,0,0,0,0,0,45060.3462671212,0,0,0,0,0,0,0,0,0,0,0,0,0,0,0,0
31,0,0,0,0,0,0,0,0,0,0,0,0,0,0,3440,127864.79751033,0,0,0,0,0,0,0,0,0,0,0,0,0,0,0,0
21,0,0,0,0,0,0,0,0,0,0,0,0,0,0,0,16697.5968284987,0,0,0,0,0,0,0,0,0,0,0,0,0,0,0,0
10,0,0,0,0,0,0,0,0,0,0,0,0,0,0,0,0,0,0,0,0,0,0,0,0,0,0,0,0,0,0,0,0
57,0,0,0,0,0,0,0,0,0,0,0,0,0,0,0,6453.55340747794,0,0,0,0,0,0,0,0,0,0,0,0,0,0,0,0
771,0,0,0,0,0,0,0,0,0,0,0,0,0,0,500,178984.633932349,0,0,0,6884.33240097218,7484.17923500955,0,0,0,0,0,0,0,0,0,0,0
22,0,0,0,0,0,0,0,0,0,0,0,0,0,0,1740,4277.239592875,0,0,0,0,0,0,0,0,0,0,0,0,0,0,0,0
23,0,0,0,0,0,0,0,0,0,0,0,0,0,0,72980,602463.282414276,0,0,0,0,0,0,0,0,0,0,0,0,0,0,0,0
480,0,0,0,0,0,0,0,0,0,0,0,0,0,0,0,0,0,0,0,0,0,0,0,0,0,0,0,0,0,0,0,0
48520,0,0,0,0,0,0,0,0,0,0,0,0,0,0,0,0,0,0,0,0,0,0,0,0,0,0,0,0,0,0,0,0
