Pfaf_code,BankE_kemp,HillslE_ke,LandslE_ke,STP_Ec_sc,SW_Ec_sc,In_Ec_sc,OS_Pr_sc,OS_Ec_sc,STP_Pr_sc,In_Pr_sc,SW_Pr_sc,Ag_Ec_sc,Ag_Pr_sc,Combined
1,0.00351974571615321,0.367415495458113,0.232197711916364,0,0,0,0,0,0,0,0,0,0,0.367415495458113
11,0.0434986730461837,2.30348686142311,3.36048119889585,0,0,0,0,0,0,0,0,0,0,3.36048119889585
12,0.0413247712660897,0.0365184620307201,0.0181339295874843,0,0,0,0.0547193887990224,8.69765676848385E-06,0,0,0,0,0,0.0547193887990224
13,0.0103936094436873,0.00748685333409049,0.0949848682278941,0,0,4,0,0.00217260378292778,0,4,0,0.58772463443129,0.586448331515986,4
14,0.000844549518223456,2.33041955720689,0,0,0,0,0.378482998630229,6.08787376568997E-05,0,0,0,0,0,2.33041955720689
15,0.000793636093087021,0.469677975130535,3.36949101947164,0,0,0,0.0273453766645245,0.00217504180525943,0,0,0,0.588374609873064,0.00596684716152898,3.36949101947164
16,0,0.0920814201070724,0.0870786761909327,0,0,0,0.0820824942807121,1.3051102214871E-05,0,0,0,0,0,0.0920814201070724
17,0.0413247712660897,3.02909381186843,0.765593290231668,0,0,0,0.0547546614369817,8.70326616316137E-06,0,0,0,0,0,3.02909381186843
18,0.0683704235751104,0.000801980407694617,0.0120802883679152,0,0,0,0,0,0,0,0,0.588223207724759,0.586945853943513,0.588223207724759
19,0.0013525678426297,0.38172631869695,0,0,0,0,0.163798673690851,2.60877637798463E-05,0,0,0,0.0598263910830683,0.0596945924331454,0.38172631869695
21,0.0770860004992703,1.35676735772892,0.50904260644854,0,3,0,0.109319815588797,1.7389399873678E-05,0,0,2,0,0,3
22,0.00694861197522704,1.86469540121269,0.048100792111732,0,3,0,1.19682537659414,0.000219509665013803,0,0,2,0,0,3
23,0.00460137340510482,2.98603335336221,0.107794111261467,0,0,0,0.521093006165947,8.47611579063591E-05,0,0,0,0,0,2.98603335336221
42,0.00483772345783402,0.380031333480554,0.233063227025872,0,0,0,0.231183239221856,3.69023929166452E-05,0,0,0,0.000650654515351327,0.000601999361695336,0.380031333480554
43,0.0080175626760663,0.0753389866432296,1.16032435290355,0,0,0,0.351359857993617,5.64200701633945E-05,0,0,0,3.98405019152971,3.98464906298976,3.98464906298976
45,0.338788576350684,0.430810269754968,0.552804663961013,0,0,0,0.176690555952509,2.81513793108864E-05,0,0,0,0.00118014269130183,0.00117754242867763,0.552804663961013
62,0.00286802252281017,0.00949810076114189,0.0842296567158927,0,0,0,0.123001772485161,1.95709744553498E-05,0,0,0,0.00651794734572985,0.00597738222402433,0.123001772485161
63,0.00629404758733278,0.0262225920595696,0.0139220887157519,0,0,0,0.0957193998471957,1.52224485890218E-05,0,0,0,0.00598488992779374,0.000656295922150409,0.0957193998471957
64,0,0.349014228204873,0,0,0,0,0,0.00216918457023508,0,0,0,0.00591077567901829,0.000589775644459147,0.349014228204873
65,0.0556322561990992,0.0512201884120997,0,0,0,0,0,0,0,0,0,0.586816159724138,0.585541771852139,0.586816159724138
66,0.00349564454952932,0.140403047343524,0.0244822824981064,0,0,0,0.583069506647949,9.54234609696811E-05,0,0,0,1.20265341203194,1.20016574011133,1.20265341203194
67,0.0460295921423996,0.0420239537361489,0.00410037868171567,0,0,0,0.390688107868136,6.28927356511694E-05,0,0,0,1.7617540754263,2.16066566918296,2.16066566918296
82,0.677355729913285,3.25845443621111,0.127506401328827,0,3,0,0.918019597803363,0.000157657041872767,0,0,2,0.00588489084855614,0,3.25845443621111
86,0.000417945329338746,1.51076117274886,0,0,0,0,0.294134007809842,4.70824100364486E-05,0,0,0,1.2406869145381,1.69071690786956,1.69071690786956
411,0,0.3485069414488,0,0,0,0,0,0,0,0,0,0,0,0.3485069414488
412,0,0.323781504344655,0,0,0,0,0.0409681934006657,6.511187404706E-06,0,0,0,0,0,0.323781504344655
441,1.30071707130861,3.03777539663467,2.58412377095985,0,0,0,0.176690835386741,8.66197663567328E-06,0,0,0,0.000590072296115529,5.88772166861991E-05,3.03777539663467
442,0.36820003397107,2.99946005080453,0.0349153712820491,0,0,0,0.283884569128132,2.5953672197905E-05,0,0,0,0.000117867962547988,0.000593921701749962,2.99946005080453
443,0.153607368807631,0.180284037503073,0,0,0,0,0,0,0,0,0,0.000589339808190404,5.88041292845842E-05,0.180284037503073
444,0.324909477531857,0.0190087158608207,0.00652260748818665,4,2.99999999999877,0,0.0272124076683803,4.32460453102665E-06,0,0,0,0.00176760752435043,0.00176371287374322,4
445,0.21685722093372,0.255360046499487,0,0,0,0,0.0272124076683803,4.32460453102665E-06,0,0,0,0.000648122794790012,6.46694761572867E-05,0.255360046499487
446,0.00616621859801916,0.544168007880994,0,0,0,0,0.350009643724495,5.61987009267626E-05,0,0,0,0.00176694818574183,0.00705806640649994,0.544168007880994
447,0.00552168394015095,0.697442739632889,0,0,0,0,0.216776179946126,3.45838709378765E-05,0,0,0,0.000706778080605633,0.00652328672080689,0.697442739632889
461,0.000239368885529499,0.0185682439502993,0.321305072443282,0,0,0,0.0680793917572843,1.08227124212134E-05,0,0,0,0.0596262650664466,0.584942694741878,0.584942694741878
463,0.516039552340956,0.0136067278571062,0,0,0,0,0.0408258374341633,6.48855608191162E-06,0,0,0,0.586336084039158,0.584549951649656,0.586336084039158
464,0.000752082367176679,0.129694622465163,0.0103299585725643,0,0,0,0.162896353153227,6.4858531624911E-06,0,0,0,0.58494180796996,0.583625342751358,0.58494180796996
465,0.000288296872593012,1.90540431859258,0.0130044524762865,0,0,0,0.243670864849674,3.89151808389368E-05,0,0,0,0.592953795405412,0.119877284601641,1.90540431859258
481,0.0519747590139709,0.0163563798653637,0.656183653477319,0,0,0,0.122437165125093,1.94809133280153E-05,0,0,0,0.0602744197336187,3.5995362039425,3.5995362039425
483,0.00109388823969383,0.0113016832548232,0.00797797819547347,0,0,0,0,0,0,0,0,0.00647862498829724,1.14317922665224,1.14317922665224
484,0.00132777424348932,0.0991418947638301,0.0193388341146847,0,0,0,0.135718428843697,2.1600281409522E-05,0,0,0,0.00653326408346478,0.064654559462645,0.135718428843697
485,0.000960189901977421,0.0607150026206454,0.175270036056349,0,0,0,0.256835945201186,4.10405346762668E-05,0,0,0,0.00176575439089346,1.20099644869171,1.20099644869171
811,0.00864577328692174,0.0646773422757469,1.30543198211783,0,0,0,0.0683305503252606,0.00890736375309649,0,0,0,1.66784428934524,1.66457053657724,1.66784428934524
812,0,0.240019654710724,0,0,0,0,0.0409753120461199,6.51231910718788E-06,0,0,0,0,0,0.240019654710724
813,1.35307577924367,0.589432246345067,0,0,0,0,0.190663814433207,3.03907741849057E-05,0,0,0,0,0,1.35307577924367
814,0.876501898093948,0.151566227786885,0,0,0,0,0.0272993849652992,4.33842870528358E-06,0,0,0,0,0,0.876501898093948
815,0.0024583733701051,0.120825517667609,2.17903100063273,0,0,0,0.507393368478286,8.24300143358191E-05,0,0,0,3.99937537262062,2.16114483211357,3.99937537262062
831,0.000445534842970716,0.0459085813156259,0.234887366788117,0,0,0,0.230017892373809,3.67147119867398E-05,0,0,0,1.65911038156899,1.65588836637737,1.65911038156899
832,0.00507100239989517,0.312781378584782,0,0,0,0,0.283024882726283,4.5279512784322E-05,0,0,0,1.14292681399405,1.14539283232426,1.14539283232426
833,0.0570415247806798,0.855516790244579,0,0,0,0,0.665703768336257,0.000109976263191559,0,0,0,0.00176278043325032,0.00175889641839149,0.855516790244579
834,0,0.247992404770105,0,0,0,0,0.491011639236691,7.96538057265872E-05,0,0,0,0,0,0.491011639236691
835,0.00120961044568696,0.789026759299966,0,3.99999999999813,0,0,0.0541757863803072,8.61120855922249E-06,0,0,0,0.582622249706908,0.582387989691091,3.99999999999813
841,0.00361389844433891,1.00352659918041,0.055980568066194,0,0,0,0.0945726502342888,1.50398046571777E-05,0,0,0,0.581881464475436,0.585763196416762,1.00352659918041
843,5.15778553813875E-05,0.365434076275704,0,0,3,0,1.34577724244596,0.000259342973332219,0,0,2,0.63696868216682,3.59940251979764,3.59940251979764
844,0.0116361432347834,3.2671100664992,0,0,0,0,0.255166299799955,2.14583110182891E-05,0,0,0,0.580584874923269,0.0583384645609666,3.2671100664992
845,0.00549617958342622,1.93871829953645,0,0,0,0,0.934235433306505,0.000160937332485843,0,0,0,1.65069524193912,1.19411831428359,1.93871829953645
851,0.00819507673704016,1.50156813839672,0,0,0,0,0.0405558254288654,6.44563056738575E-06,0,0,0,0.00649852753908745,0.00175249035780883,1.50156813839672
852,7.48661044638939E-05,3.22781741753146,0,0,2.99999999999845,0,0.0404989062873081,6.43658180176196E-06,0,0,0,5.90477867099444E-05,6.41677746531719E-05,3.22781741753146
853,0.00144154462584991,1.11917380339379,0,4,2.99899619453263,0,1.05592272973178,0.000167351126674576,2,0,1.99933079635509,0.0584595770335227,0.0583360376095031,4
854,0.264915953019147,2.66340371550049,0,0,2.99999999999837,0,0,0,0,0,0,0,0,2.99999999999837
855,0.00326396674210875,2.76877926934414,0,0,0,0,0.685404598308224,0.000113510170885709,0,0,0,0.579483224302224,0.0058230277000004,2.76877926934414
871,0.0555091732782826,0.164778839685976,0,0,0,0,0.0269331051666801,0.00214224588861903,0,0,0,0.116597830808951,0.00640055868078262,0.164778839685976
872,0.00156672078507856,0.157799231224071,0,0,0,0,0.107552947290383,1.71077981083855E-05,0,0,0,0,0,0.157799231224071
873,0.145829070557125,0.0622113907048011,0,0,0,0,0,0,0,0,0,3.58809915925211,0.577366245705265,3.58809915925211
874,0.000309837495847077,1.07226069447174,0,0,0,0,0,0.000213744538747277,0,0,0,0,0,1.07226069447174
881,0.0134020813525224,1.94483024260397,0,0,0,0,0,0,0,0,0,3.58755088185569,0.577092199375043,3.58755088185569
883,0.0241724488201911,1.01041571022052,0,0,0,0,0.107453162298087,1.70918952772327E-05,0,0,0,3.97644512995314,1.13552792394432,3.97644512995314
885,0.00239169679357292,2.96963901778429,0,0,0,0,0.0535362731565831,8.50950944041376E-06,0,0,0,3.99999999999888,3.99999999999877,3.99999999999888
4821,0.00166571508961127,0.361217162220984,0.384374847207693,0,0,0,0.0543928962148944,8.64573502983681E-06,0,0,0,0.00706758918617135,0.118674136510606,0.384374847207693
4822,0.001592727970269,1.37200045085347,0,0,0,0,0.349408101959179,5.6100094825514E-05,0,0,0,0.00176384202376738,0.00703981586523464,1.37200045085347
8421,0.0016438784154051,0.125229204906403,0,0,0,4,0.28188478318304,4.509465189185E-05,0,3.97589105666444,0,0.350180536954391,2.81716407792182,4
8422,0.0632699657548241,0.0403105337936354,0,0,2.99999999999841,0,0.399259272116449,6.43100635572268E-05,0,0,0,0.580008069286342,0.578748041266738,2.99999999999841
8423,0.000166701401939265,0.00178860400267766,0,0,0,0,0,0,0,0,0,0.580007968131652,3.58834767167231,3.58834767167231
8431,0,0,0,0,0,0,0,0,0,0,0,0,0,0
8432,0.0718740049465848,0.0458011964580278,0,0,0,0,0.461416699050212,7.46680801376011E-05,0,0,0,0.000581319845044091,0.00580038593760001,0.461416699050212
8433,0.00151976530109329,0.565161024582411,0,0,0,0,0.0540350220328759,8.58882324201111E-06,0,0,0,0.582097016567919,0.0700488117185297,0.582097016567919
8461,0.0168758975935198,0.930015200597276,0,0,0,0,0.0673579179197076,1.07079310510448E-05,0,0,0,1.13510099364727,1.13288065594785,1.13510099364727
8462,0.000372600893696395,0.907551444152703,0,0,0,0,0.346538728804507,0.021429979783957,0,0,0,0,0,0.907551444152703
8481,0.00281017531669847,1.68420801291676,0,0,0,0,0.241397271814777,3.85484905273721E-05,0,0,0,1.13508319145734,0.635079521517392,1.68420801291676
8482,0.0282637672403476,0.60879815033359,0,0,0,0,0.550771426773534,8.98423524452569E-05,0,0,0,0,0,0.60879815033359
8821,0.0108392497747578,0.741874586344542,0,0,0,0,0.107452991881586,1.7091868117815E-05,0,0,0,3.59828864946927,3.68512459370149,3.68512459370149
8822,1.14590058975761E-05,0.517340281878063,0,0,0,0,0.200794863441939,3.20162762201627E-05,0,0,0,0.0581563533679771,0.576285402716323,0.576285402716323
8823,0.00952567598880068,0.960858973831966,0,0,0,0,0.0402892088090371,6.40324506942769E-06,0,0,0,3.59831216496158,3.68506663900161,3.68506663900161
8832,0.0233060610892578,2.61719457782473,0,0,0,0,0,0.000213337007562586,0,0,0,3.68584639022617,3.68371327821108,3.68584639022617
8833,0.00348924315283833,1.46120602792861,0,0,0,0,0.120678214731215,1.92003612225719E-05,0,0,0,3.76274315302306,1.63806762299597,3.76274315302306
8834,0.0208692166588601,0.871847590390742,0,0,0,0,0.292846042537153,4.68732343983077E-05,0,0,0,0.696536772103951,0.632623209114129,0.871847590390742
8835,0.000816334602027336,1.83889036250553,0,0,0,0,0,0.00213060459110488,0,0,0,1.63986010908469,1.18086176327797,1.83889036250553
8837,1.68686077915929E-05,0.0710113523971636,0,0,0,0,0,0,0,0,0,0.576210408200679,0.574958396851861,0.576210408200679
8838,0.104773907949693,0.535801913763049,0,0,0,0,0,0,0,0,0,0.576118218148344,0.05788336285481,0.576118218148344
8839,0.00121497985874467,0.918880922380169,0,0,0,0,0.0267945143045665,4.2581847741583E-06,0,0,0,2.13294699961501,2.12919365490454,2.13294699961501
8841,0.00300634461609127,1.26682084346534,0,0,0,0,0.0401563378842329,6.38212193892225E-06,0,0,0,3.99999999999916,3.99999999999908,3.99999999999916
8842,0.001421775802625,1.18064319018133,0,0,0,0,0.199817892864485,3.18594522738015E-05,0,0,0,1.18143445650259,1.13134719125823,1.18143445650259
8861,0.000116215975790485,1.44541870921361,0.0105576526480454,0,0,0,0,0.00212606566527367,0,0,0,3.99999999999842,3.99999999999832,3.99999999999842
8862,0.00746008505702426,1.43590913215303,0.0105487170998863,0,0,0,0,0.00212484935489141,0,0,0,0.116345601242292,0.0641215846512043,1.43590913215303
8863,0.00142513495643385,2.38905987047372,0.0103542606466319,0,0,4,0,0.00212484597846344,0,4,0,3.99999999999989,3.99999999999987,4
8881,0.000606019881480925,0.732320270387849,0,0,0,4,0.0802311342922566,1.27564163974084E-05,0,4,0,4,4,4
8882,7.71853945318768E-05,0.197163610334489,0,0,0,0,0,0.00212257192885098,0,0,0,0.0578336277325364,0.0577062179363574,0.197163610334489
8883,1.94451882225301E-05,0.403189271280424,0,0,0,0,0.0934309975087385,1.48579823714863E-05,0,0,0,0.17340394972668,0.173022358097163,0.403189271280424
84241,0.000320457463268153,0.22326017531615,0,0,0,0,0,0,0,0,0,0.116773579150725,1.13359400266101,1.13359400266101
84242,0.0152051989100663,0.607388232522159,0,0,0,0,0.539088240229593,8.78368834923915E-05,0,0,0,0.116720720209214,0.635306978826308,0.635306978826308
84243,0.00451751163930314,0.278673720612276,0,0,0,0,0,0.000214216512111889,0,0,0,0.175002834430128,1.18635573106342,1.18635573106342
88361,0.00830003815603225,0.385877243058854,0,0,0,0,0.0535880170711152,8.51773799415918E-06,0,0,0,1.63858092798093,1.17972281540235,1.63858092798093
88362,0.000280374393537246,0.410294443345876,0,0,0,0,0.0669022545563259,1.06354396824904E-05,0,0,0,1.18623659966336,0.636496788699426,1.18623659966336
