Pfaf_code,BankE_kemp,HillslE_ke,LandslE_ke,STP_Ec_sc,SW_Ec_sc,In_Ec_sc,OS_Pr_sc,OS_Ec_sc,STP_Pr_sc,In_Pr_sc,SW_Pr_sc,Ag_Ec_sc,Ag_Pr_sc,Combined
1,0.0533853259730355,2.53442221429766,2.00111361639475,0,0,0,0,0,0,0,0,0,0,2.53442221429766
11,0.0962910703756451,2.50155159179868,4.01200644541617,0,0,0,0,0,0,0,0,0,0,4.01200644541617
12,0.0914788010663142,3.28954967084363,2.61911387363168,0,0,0,0.0820790831365817,0.00637827622694863,0,0,0,0,0,3.28954967084363
13,0.416832651569306,0.543775132587302,3.84696589851137,0,0,4,0,0.0028968050439037,0,4,0,0.58772463443129,0.586448331515986,4
14,1.86959296051876,2.53080008856142,0,0,0,0,0.567724497508741,0.0550772814821419,0,0,0,0,0,2.53080008856142
15,0.873821225590344,0.510063116051243,4.0227630770063,0,0,0,0.041018065028519,0.00318687432286729,0,0,0,0.588374609233096,0.00596684716451549,4.0227630770063
16,0,1.9326746727882,2.04152314552345,0,0,0,0.306904927011755,0.353197653030468,0,0,0,0,0,2.04152314552345
17,0.0914788010663142,3.28954967084363,0.914025412784943,0,0,0,0.0821319920934808,0.0089933598847208,0,0,0,0,0,3.28954967084363
18,0.151348554037356,0.126354280936996,1.92277654222909,0,0,0,0,0,0,0,0,0.588223207724759,0.586945853943513,1.92277654222909
19,0.494497497336187,0.414548958867452,0,0,0,0,0.245698010509456,0.0530420104063251,0,0,0,0.0598263911130064,0.0596945924630176,0.494497497336187
21,0.170641837537696,1.47342865299888,0.607735052567477,0,3,0,0.163979723386231,0.0205772750086655,0,0,2,0,0,3
22,2.30149581652193,2.0250307597767,0.0574265042891176,0,3,0,2.99847058055105,3.99647401210535,0,0,2,0,0,3.99647401210535
23,2.1956159929111,3.24278666979344,0.128693078033292,0,0,0,0.781639509203414,0.159874304582125,0,0,0,0,0,3.24278666979344
42,2.73234473778387,3.52250608344912,3.65606578419411,0,0,0,2.07907743655755,2.75286357949687,0,0,0,0.000650654515351327,0.000601999361695336,3.65606578419411
43,2.83230646067198,3.2378573106682,4.02279489573792,0,0,0,2.99931716865065,3.99938657849542,0,0,0,3.98405019151006,3.98464906300323,4.02279489573792
45,0.749961145095445,1.80060163901319,2.42477015740096,0,0,0,1.92872965645972,2.52342098895327,0,0,0,0.00118014269130183,0.00117754242867763,2.52342098895327
62,2.24501503848743,1.17326972756746,4.00098254564542,0,0,0,1.88551877545652,2.52235342696012,0,0,0,0.0065179473461618,0.00597738222965374,4.00098254564542
63,2.89050286485572,2.25634566081913,1.47992194443656,0,0,0,0.143579099766087,0.0698711801215106,0,0,0,0.00598488992779374,0.000656295922150409,2.89050286485572
64,0,0.379024127616207,0,0,0,0,0,0.00289224609364677,0,0,0,0.00591077567901829,0.000589775644459147,0.379024127616207
65,0.12315064165603,0.0556243432512382,0,0,0,0,0,0,0,0,0,0.586816159724138,0.585541771852139,0.586816159724138
66,0.978685135908556,0.67690641155845,0.131229052670632,0,0,0,2.99611715851873,3.99494389552697,0,0,0,1.20265341272353,1.20016574080168,3.99494389552697
67,1.11225501124305,2.48768376626433,0.329237209635313,0,0,0,0.780044351263029,0.389993344857308,0,0,0,1.7617540760917,2.1606656692883,2.48768376626433
82,1.49943213645109,3.53863180998198,0.152227158459079,0,3,0,1.37702939637924,0.186748922850476,0,0,2,0.00588489084855614,0,3.53863180998198
86,1.4864745206111,1.6406635869339,0,0,0,0,2.70519698055611,3.60067528847915,0,0,0,1.24068691501278,1.69071690843492,3.60067528847915
411,0,0.378473221937774,0,0,0,0,0,0,0,0,0,0,0,0.378473221937774
412,0,0.351621774429374,0,0,0,0,0.061452290140655,0.00347263240968213,0,0,0,0,0,0.351621774429374
441,2.87933930580369,3.29897773946213,3.08512995943869,0,0,0,1.81652183531257,2.50929220727413,0,0,0,0.000590072296115529,5.88772166861991E-05,3.29897773946213
442,0.815067975654807,3.25736785839144,0.0416847130921921,0,0,0,2.91183973436824,3.89821865604654,0,0,0,0.000117867962547988,0.000593921701749962,3.89821865604654
443,0.340033774004308,0.195785714494191,0,0,0,0,0,0,0,0,0,0.000589339808190404,5.88041292845842E-05,0.340033774004308
444,0.719237603719936,0.418973682662985,0.158698508752751,4,2.99999999999877,0,0.0408186115341485,0.00317137599046226,0,0,0,0.00176760752435043,0.00176371287374322,4
445,0.48004714765035,0.277317114979299,0,0,0,0,0.0408186115341485,0.0291184894831031,0,0,0,0.000648122794790012,6.46694761572867E-05,0.48004714765035
446,0.999861213749299,0.590958155272316,0,0,0,0,2.98077341766818,3.97735462481278,0,0,0,0.00176694818425482,0.00705806639995188,3.97735462481278
447,1.2580807189307,0.75741217574786,0,0,0,0,0.325164270174785,0.0850058823343128,0,0,0,0.000706778080528112,0.00652328672401143,1.2580807189307
461,2.02198705891552,1.7588182818838,4.02279480296673,0,0,0,1.82882783363773,2.47851001105454,0,0,0,0.0596262650304862,0.584942695371662,4.02279480296673
463,1.14233371667044,0.924143395147163,0,0,0,0,0.0612387561907638,0.00605598105309859,0,0,0,0.586336084039158,0.584549951649656,1.14233371667044
464,1.15454188283005,2.03198857916942,0.201837549190068,0,0,0,2.63421642170749,3.57641560148718,0,0,0,0.584941808475282,0.583625343012614,3.57641560148718
465,1.74929265928634,2.06924002303646,0.0155257369602641,0,0,0,0.365506297188427,0.147810353943061,0,0,0,0.592953795405412,0.119877284601641,2.06924002303646
481,2.77688346033614,0.507695943857945,4.02270051244528,0,0,0,0.183655747502321,0.020779453937579,0,0,0,0.0602744197615538,3.59953620322674,4.02270051244528
483,0.90378450398201,2.94728051132933,2.69317755241417,0,0,0,0,0,0,0,0,0.00647862498872673,1.1431792275568,2.94728051132933
484,1.12752804322495,1.9871203481163,0.478462335239227,0,0,0,0.203577643265546,0.0210240802946311,0,0,0,0.00653326408667424,0.0646545594668501,1.9871203481163
485,1.14172348687938,1.79465546428479,3.68181384682838,0,0,0,1.99541207493106,2.52462991350478,0,0,0,0.00176575438940734,1.20099644791889,3.68181384682838
811,3.00507966741468,0.755027022636075,4.02172144696273,0,0,0,0.102495825487891,0.0118764850041287,0,0,0,1.66784429028751,1.6645705365551,4.02172144696273
812,0,0.260657683514477,0,0,0,0,0.0614629681088432,0.0060781598256408,0,0,0,0,0,0.260657683514477
813,2.99524343982636,0.640114427738052,0,0,0,0,0.285995721860412,0.0248911699284501,0,0,0,0,0,2.99524343982636
814,1.94027311739238,0.164598611232782,0,0,0,0,0.0409490774796277,0.00578456757913507,0,0,0,0,0,1.94027311739238
815,3.00990253491152,1.67427076129188,4.02279489122191,0,0,0,2.19883369700987,2.53706638029537,0,0,0,3.99937537262375,2.1611448332929,4.02279489122191
831,2.83990639937054,0.560169182055717,2.65094556933029,0,0,0,0.345026838262852,0.0256279581012631,0,0,0,1.65911038251255,1.65588836731961,2.83990639937054
832,2.37268783760505,0.339675805661141,0,0,0,0,0.602286359118847,0.328719342061019,0,0,0,1.14292681489844,1.14539283127693,2.37268783760505
833,2.99436710482311,0.929078183291501,0,0,0,0,2.99978099152786,3.99975672654458,0,0,0,0.00176278043438819,0.00175889641952691,3.99975672654458
834,0,0.269315968454612,0,0,0,0,0.736517458746033,0.113924355308213,0,0,0,0,0,0.736517458746033
835,2.98477325576961,0.856871023991499,0,3.99999999999813,0,0,0.0812636795091236,0.00114816110883517,0,0,0,0.58262224914373,0.582387989752761,3.99999999999813
841,0.863912578898177,1.08981457790523,0.0668339998371136,0,0,0,0.323231530178708,0.295387346987148,0,0,0,0.581881463842327,0.585763196705721,1.08981457790523
843,0.869596995376928,0.396855832136242,0,0,3,0,2.99999999966324,3.99999999967288,0,0,2,0.636968681938693,3.59940252035813,3.99999999967288
844,0.451329283347436,3.54803169243315,0,0,0,0,1.98656384409531,2.62914523992932,0,0,0,0.580584874923269,0.0583384645609666,3.54803169243315
845,0.89324530320084,2.10541849813652,0,0,0,0,2.99999659189674,3.99999564222164,0,0,0,1.65069524331854,1.19411831532861,3.99999564222164
851,1.87727181444858,1.63068009186728,0,0,0,0,1.79306607664523,2.46171558599025,0,0,0,0.0064985275422797,0.00175249035894003,2.46171558599025
852,0.474440062627949,3.50536047506381,0,0,2.99999999999845,0,0.0607483594701647,0.0291786532819319,0,0,0,5.90477867394772E-05,6.41677746296344E-05,3.50536047506381
853,1.31899613685989,1.21540567748213,0,4,3,0,2.59255566219664,2.90993870249357,2,0,2,0.0584595770438727,0.0583360375723196,4
854,0.586432617121772,2.8924158047928,0,0,2.99999999999837,0,0,0,0,0,0,0,0,2.99999999999837
855,0.997460292725863,3.00685204876226,0,0,0,0,1.18522517636057,0.409481619981544,0,0,0,0.579483224302224,0.0058230277000004,3.00685204876226
871,0.836170870808768,0.178947306196716,0,0,0,0,0.0403996577812743,0.00313882170293512,0,0,0,0.116597830899113,0.00640055867845081,0.836170870808768
872,0.803001763875266,0.171367557881059,0,0,0,0,0.161329420938561,0.00997952818286148,0,0,0,0,0,0.803001763875266
873,0.322815302455829,0.0675606212702505,0,0,0,0,0,0,0,0,0,3.58809915925211,0.577366245705265,3.58809915925211
874,0.490586331697041,1.16445875685255,0,0,0,0,0,0.000284992718329702,0,0,0,0,0,1.16445875685255
881,0.508953913473792,2.11205597507011,0,0,0,0,0,0,0,0,0,3.58755088185569,0.577092199375043,3.58755088185569
883,0.886011170858334,1.09729604740136,0,0,0,0,0.161179743450114,0.0996820794143589,0,0,0,3.97644512986931,1.13552792300673,3.97644512986931
885,0.519779384698597,3.22498267145151,0,0,0,0,0.0803044096742609,0.00879314559422849,0,0,0,3.99999999999888,3.99999999999877,3.99999999999888
4821,2.03169184440251,2.3839183895044,2.75515051419582,0,0,0,1.81401952001823,2.46935614898094,0,0,0,0.00706758918682981,0.118674136388635,2.75515051419582
4822,1.27372533275781,1.48997155975121,0,0,0,0,0.699728083561559,0.456015780091039,0,0,0,0.00176384202490592,0.00703981586446277,1.48997155975121
8421,0.432594300623498,0.135997006156031,0,0,0,4,2.11677180608834,2.64547036662629,0,3.97589105666444,0,0.350180536646637,2.81716407636229,4
8422,0.140057898287932,0.043776624762437,0,0,2.99999999999841,0,0.598888908550906,0.0574463733679673,0,0,0,0.580008069286342,0.578748041266738,2.99999999999841
8423,0.0062185012847152,0.00194239666174243,0,0,0,0,0,0,0,0,0,0.580007968131652,3.58834767167231,3.58834767167231
8431,0,0,0,0,0,0,0,0,0,0,0,0,0,0
8432,0.159104275690043,0.0497394006558731,0,0,0,0,0.692125048037109,0.0637113730837379,0,0,0,0.000581319845044091,0.00580038593760001,0.692125048037109
8433,0.352698908578294,0.613756251161451,0,0,0,0,0.081052532988136,0.0088751027894698,0,0,0,0.582097016567919,0.0700488117185297,0.613756251161451
8461,0.225280398965673,1.0099823204608,0,0,0,0,0.101036876801447,0.00913741859629742,0,0,0,1.13510099356733,1.13288065606887,1.13510099356733
8462,0.219558654278216,0.985587023646746,0,0,0,0,1.95971462899606,2.50105460385675,0,0,0,0,0,2.50105460385675
8481,0.18879863600589,1.82902420942358,0,0,0,0,0.362095907636869,0.0256986400703699,0,0,0,1.13508319228763,0.635079521289917,1.82902420942358
8482,0.0625662396076225,0.661145504042598,0,0,0,0,2.96170896890541,3.9392542841404,0,0,0,0,0,3.9392542841404
8821,0.492673152871641,0.80566448346861,0,0,0,0,0.161179487825363,0.0202252049229743,0,0,0,3.59828865003067,3.6851245933494,3.6851245933494
8822,0.34207551032332,0.561823654090265,0,0,0,0,1.93309049575815,2.4948006582105,0,0,0,0.0581563533679771,0.576285402716323,2.4948006582105
8823,0.641831370334361,1.04347818767172,0,0,0,0,0.0604338132525551,0.00341506320685476,0,0,0,3.59831216601792,3.68506663906448,3.68506663906448
8832,0.619604436961207,2.84223338619762,0,0,0,0,0,0.000284449343416781,0,0,0,3.68584638987459,3.68371327785799,3.68584638987459
8833,0.912117911012499,1.58684745562316,0,0,0,0,1.9673215287,2.6661692119834,0,0,0,3.76274315273974,1.63806762177703,3.76274315273974
8834,0.99070528543133,0.946813183123774,0,0,0,0,2.10639282604014,2.77839193534407,0,0,0,0.696536772103951,0.632623209114129,2.77839193534407
8835,0.306676156662745,1.99700688139675,0,0,0,0,0,0.00284080612147317,0,0,0,1.63986010908469,1.18086176327797,1.99700688139675
8837,0.0305280598616965,0.0771172454246842,0,0,0,0,0,0,0,0,0,0.576210408200679,0.574958396851861,0.576210408200679
8838,0.231933322039588,0.581872704685047,0,0,0,0,0,0,0,0,0,0.576118218148344,0.05788336285481,0.581872704685047
8839,0.403368726899458,0.997890664170511,0,0,0,0,0.0401917714879428,0.0286712864571155,0,0,0,2.13294700071353,2.12919365600218,2.13294700071353
8841,1.6920602237536,1.37574811064329,0,0,0,0,0.240453509960841,0.288819361774996,0,0,0,3.99999999999916,3.99999999999908,3.99999999999916
8842,1.59134483447035,1.2821604938175,0,0,0,0,1.92649545582681,2.50316140424398,0,0,0,1.18143445749029,1.13134719226836,2.50316140424398
8861,0.200408506850122,1.56970266833432,0.0126045551114347,0,0,0,0,0.00283475422036489,0,0,0,3.99999999999842,3.99999999999832,3.99999999999842
8862,0.198353240827093,1.55937541271519,0.0125938871520903,0,0,0,0,0.00283313247318855,0,0,0,0.116345601129708,0.0641215846826976,1.55937541271519
8863,0.858680879092003,2.59448257421084,0.0123617297622303,0,0,4,0,0.00283312797128458,0,4,0,3.99999999999989,3.99999999999987,4
8881,0.841331551603553,0.795288642090792,0,0,0,4,0.120346701332188,0.0374177299395417,0,4,0,4,4,4
8882,0.228627490524479,0.214116673091117,0,0,0,0,0,0.00283009590513464,0,0,0,0.0578336277325364,0.0577062179363574,0.228627490524479
8883,0.466275492299551,0.437857397955627,0,0,0,0,0.319353621930757,0.296895629264501,0,0,0,0.173403949838472,0.17302235820871,0.466275492299551
84241,0.145843187415828,0.242457144557935,0,0,0,0,0,0,0,0,0,0.116773579241023,1.13359400349034,1.13359400349034
84242,0.398731707857392,0.65961435480769,0,0,0,0,2.99657823960964,3.99580940095293,0,0,0,0.116720720299472,0.635306978598754,3.99580940095293
84243,0.182119590596789,0.30263540941554,0,0,0,0,0,0.000285622016149185,0,0,0,0.175002834542949,1.18635573174686,1.18635573174686
88361,0.542286971535616,0.419056799402102,0,0,0,0,0.0803820255460005,0.00880164839193372,0,0,0,1.63858092891603,1.17972281608246,1.63858092891603
88362,0.576125113094957,0.445573506429262,0,0,0,0,0.100353381756902,0.00652306388920787,0,0,0,1.1862365988988,0.636496788221207,1.1862365988988
