Pfaf_code,ES_RS_eart,ES_RS_rock,ES_RS_gras,ES_RS_vega,ES_RS_fenc,ES_HL_eart,ES_HL_drai,ES_HL_vegw,ES_HL_fenc,ES_RD_drai,ES_RD_hard,RC_WM_vine,RC_WM_tree,RC_WM_vina,WW_OS_main,WW_OS_upgr,WW_OS_conn,WW_SW_dbas,WW_SW_wetl,AP_EM_bpad,AP_EM_apad,AP_EM_prit,AP_EM_sect,AP_EM_irri,AP_EM_vega,AP_FI_fenc,AP_FI_lane,AP_FI_hard,AP_RZ_vegf,AP_RZ_vfow,AP_RZ_owo,ES_RS_vegf
1,0,0,0,6463.40108216393,0,0,0,56015.2697384592,0,0,0,0,0,0,0,0,0,0,0,0,0,0,0,0,0,0,0,0,8974.64271772144,0,0,11305.9700774403
11,0,0,0,0,0,0,0,0,0,0,0,0,0,0,0,0,0,0,0,0,0,0,0,0,0,0,0,0,0,0,0,0
12,0,0,0,0,0,0,0,8651.12785613177,0,0,0,0,0,0,1980,63393.426578582,0,0,0,0,0,0,0,0,0,0,0,0,0,0,0,0
13,0,0,0,14990.1005859532,0,0,0,6597.90526283277,0,0,0,0,0,0,0,21791.3014605601,0,0,0,0,0,0,0,0,0,0,0,0,8783.66065382728,0,0,322.361674721504
14,0,0,0,1997.36283232936,0,0,0,0,0,0,0,0,0,0,2000,569775.897481002,0,0,0,0,0,0,0,0,0,0,0,0,182.874675641182,0,0,711.879128717833
15,0,0,0,1325.17074037549,0,0,0,0,0,0,0,0,0,0,580,298.981131193684,0,0,0,0,0,0,0,0,0,0,0,0,11819.4500353321,0,0,6232.94748607536
16,0,0,0,0,0,0,0,14806.448948341,0,0,0,0,0,0,3440,27948.2315307242,0,0,0,0,0,0,0,0,0,0,0,0,0,0,0,0
17,0,0,0,0,0,0,0,0,0,0,0,0,0,0,1160,78368.3144170644,0,0,0,0,0,0,0,0,0,0,0,0,0,0,0,0
18,0,0,0,0,0,0,0,11775.5631810146,0,0,0,0,0,0,0,0,0,0,0,0,0,0,0,0,0,0,0,0,0,0,0,0
19,0,0,0,194.776615364712,0,0,0,2399.20854401666,0,0,0,0,0,0,0,13342.2966270439,0,0,0,0,0,0,0,0,0,0,0,0,2826.09867568491,0,0,3772.97485272838
21,0,0,0,0,0,0,0,0,0,0,0,0,0,0,1640,19665.6481081926,0,0,0,0,0,0,0,0,0,0,0,0,0,0,0,0
22,0,0,0,5580.50547141078,0,0,0,0,0,0,0,0,0,0,65740,1652492.02051474,0,0,0,0,0,0,0,0,0,0,0,0,1052.56557647724,0,0,2347.92916948606
23,0,0,0,4060.31014651916,0,0,0,0,0,0,0,0,0,0,17280,656703.923982243,0,0,0,0,0,0,0,0,0,0,0,0,4601.22643494439,0,0,4482.5153816071
42,0,0,0,6900.42105463576,0,0,0,1407.69101186082,2108595.52950067,0,0,0,0,0,5980,330221.029295595,0,0,0,0,0,0,0,0,0,0,0,0,549.033207445908,0,0,7855.33411011592
43,0,0,0,121212.330563446,23218565.2660468,0,0,162568.772595075,0,0,0,0,0,0,1000,259304.039236021,0,0,0,0,0,0,0,0,0,0,0,0,3612.12293702905,0,0,39377.6141786831
45,0,0,0,0,0,0,0,194.878667135266,0,0,0,0,0,0,8620,157611.143809376,0,0,0,0,0,0,0,0,0,0,0,0,0,0,0,0
62,0,0,0,277.332776539647,0,0,0,88751.9427416525,0,0,0,0,0,0,0,65131.1223868891,0,0,0,0,0,0,0,0,0,0,0,0,1159.87429426977,0,0,79.2251125719516
63,0,0,0,3011.51162890449,0,0,0,208113.818764294,0,0,0,0,0,0,0,121831.061316482,0,0,0,0,0,0,0,0,0,0,0,0,1073.57098129911,0,0,608.492706039181
64,0,0,0,0,0,0,0,0,0,0,0,0,0,0,0,10995.8307348172,0,0,0,0,0,0,0,0,0,0,0,0,0,0,0,0
65,0,0,0,0,0,0,0,0,0,0,0,0,0,0,0,0,0,0,0,0,0,0,0,0,0,0,0,0,0,0,0,0
66,0,0,0,71246.7230901431,0,0,0,506.68802466555,4647939.75370282,0,0,0,0,0,12820,405976.716495202,0,0,0,0,0,0,0,0,0,0,0,0,57924.5197223368,0,0,14648.8903800141
67,0,0,0,4008.46777492265,0,0,0,7135.14446343816,0,0,0,0,0,0,11700,256454.425909767,0,0,0,0,0,0,0,0,0,0,0,0,47451.3125730125,0,0,104876.361736258
82,0,0,0,0,0,0,0,0,0,0,0,0,0,0,29160,321283.805827928,0,0,0,0,0,0,0,0,0,0,0,0,0,0,0,0
86,0,0,0,158806.97012134,3454376.69478282,0,0,0,0,0,0,0,0,0,7780,439374.809467314,0,0,0,0,0,0,0,0,0,0,0,0,3124.96553923583,0,0,18621.4548452883
411,0,0,0,0,0,0,0,0,0,0,0,0,0,0,0,0,0,0,0,0,0,0,0,0,0,0,0,0,0,0,0,0
412,0,0,0,0,0,0,0,0,0,0,0,0,0,0,0,7039.38811879577,0,0,0,0,0,0,0,0,0,0,0,0,0,0,0,0
441,0,0,0,0,0,0,0,0,0,0,0,0,0,0,520,2242.46531829352,0,0,0,0,0,0,0,0,0,0,0,0,0,0,0,0
442,0,0,0,0,0,0,0,0,0,0,0,0,0,0,0,90757.9962795404,0,0,0,0,0,0,0,0,0,0,0,0,0,0,0,0
443,0,0,0,0,0,0,0,0,0,0,0,0,0,0,0,0,0,0,0,0,0,0,0,0,0,0,0,0,0,0,0,0
444,0,0,0,0,0,0,0,4571.962314127,8897627.17784739,0,0,0,0,0,580,33523.1888668254,0,0,0,0,0,0,0,0,0,0,0,0,0,0,0,0
445,0,0,0,0,0,0,0,0,0,0,0,0,0,0,580,26225.9143295818,0,0,0,0,0,0,0,0,0,0,0,0,0,0,0,0
446,0,0,0,3152.94791697966,0,0,0,0,0,0,0,0,0,0,15240,8084.36456978524,0,0,0,0,0,0,0,0,0,0,0,0,4829.69618014763,0,0,1107.89596098956
447,0,0,0,454.165808769951,0,0,0,0,0,0,0,0,0,0,2080,108717.82589849,0,0,0,0,0,0,0,0,0,0,0,0,10863.9168745741,0,0,4772.11259199426
461,0,0,0,62684.3829945673,11536261.4808214,0,0,468271.376746276,61963.8501981617,0,0,0,0,0,1100,103717.201049774,0,0,0,0,0,0,0,0,0,0,0,0,38018.7204698972,0,0,59559.2637303704
463,0,0,0,0,0,0,0,2336.45074329556,0,0,0,0,0,0,540,47006.2306717068,0,0,0,0,0,0,0,0,0,0,0,0,0,0,0,0
464,0,0,0,7070.34083144145,751533.859014295,0,0,3886.83684104035,0,0,0,0,0,0,540,44.2932453212763,0,0,0,0,0,0,0,0,0,0,0,0,18396.678445609,0,0,16391.3486043025
465,0,0,0,8854.08303111176,0,0,0,0,0,0,0,0,0,0,3240,64751.3206271228,0,0,0,0,0,0,0,0,0,0,0,0,8404.76509943369,0,0,2223.57017201874
481,0,0,0,11367.1104984523,5648182.5129277,0,0,65939.8159211847,0,0,0,0,0,0,0,4553.22219969389,0,0,0,0,0,0,0,0,0,0,0,0,14671.2748068022,0,0,4693.65065395093
483,0,0,0,3365.77495176051,1352045.98516298,0,0,151298.959839691,0,0,0,0,0,0,0,0,0,0,0,0,0,0,0,0,0,0,0,0,3039.52418101363,0,0,5585.1983217365
484,0,0,0,60492.566221568,0,0,0,151797.47912904,0,0,0,0,0,0,5400,732.000964103266,0,0,0,0,0,0,0,0,0,0,0,0,11811.2196547247,0,0,7493.05874343378
485,0,0,0,3419.03982055329,17221448.9533945,0,0,108322.131536748,0,0,0,0,0,0,12060,120085.99589499,0,0,0,0,0,0,0,0,0,0,0,0,14871.5892204618,0,0,15757.2100032198
811,0,0,0,89393.8750129136,17207481.8253041,0,0,23112.2281931281,0,0,0,0,0,0,2700,22127.2723568265,0,0,0,0,0,0,0,0,0,0,0,0,66987.6272594968,0,0,19099.033170712
812,0,0,0,0,0,0,0,0,0,0,0,0,0,0,0,21178.1370110707,0,0,0,0,0,0,0,0,0,0,0,0,0,0,0,0
813,0,0,0,0,0,0,0,0,0,0,0,0,0,0,7380,145385.911775281,0,0,0,0,0,0,0,0,0,0,0,0,0,0,0,0
814,0,0,0,0,0,0,0,0,0,0,0,0,0,0,580,19159.6076236849,0,0,0,0,0,0,0,0,0,0,0,0,0,0,0,0
815,0,0,0,22047.0416940121,1822318.7577882,0,0,96025.0967518725,0,0,0,0,0,0,17460,538604.330075068,0,0,0,0,0,0,0,0,0,0,0,0,19261.1262196006,0,0,12345.4914077507
831,0,0,0,1718.49948945122,15683343.5363494,0,0,24450.9310438703,0,0,0,0,0,0,8640,135824.745450926,0,0,0,0,0,0,0,0,0,0,0,0,433.397687963621,0,0,715.479940572307
832,0,0,0,24020.7615554817,12722084.0373101,0,0,0,0,0,0,0,0,0,5740,340011.081131738,0,0,0,0,0,0,0,0,0,0,0,0,8088.04121367262,0,0,3364.08422707212
833,0,0,0,2042.57977541632,0,0,0,0,0,0,0,0,0,0,14440,399552.378279134,0,0,0,0,0,0,0,0,0,0,0,0,1751.6660965167,0,0,722.436277054614
834,0,0,0,0,0,0,0,0,0,0,0,0,0,0,15840,735840.081726966,0,0,0,0,0,0,0,0,0,0,0,0,0,0,0,0
835,0,0,0,3708.80614338794,0,0,0,0,0,0,0,0,0,0,1980,63604.6174468493,0,0,0,0,0,0,0,0,0,0,0,0,14710.7351802145,0,0,1607.12625475064
841,0,0,0,4680.82809457829,0,0,0,0,0,0,0,0,0,0,1680,40200.4653526472,0,0,0,0,0,0,0,0,0,0,0,0,1503.22446764607,0,0,325.397257029576
843,0,0,0,3135.32305603442,0,0,0,0,0,0,0,0,0,0,53820,1954119.0533537,0,0,0,0,0,0,0,0,0,0,0,0,28540.4950557901,0,0,16076.3704796908
844,0,0,0,29112.3527317659,0,0,0,0,0,0,0,0,0,0,2200,132073.10857441,0,0,0,0,0,0,0,0,0,0,0,0,1377.48758344596,0,0,18422.2459806578
845,0,0,0,15796.9146374918,0,0,0,0,0,0,0,0,0,0,7500,1523643.27340789,0,0,0,0,0,0,0,0,0,0,0,0,15876.2294328865,0,0,15072.1651966726
851,0,0,0,24317.8181926963,0,0,0,0,0,0,0,0,0,0,1260,9864.49605564796,0,0,0,0,0,0,0,0,0,0,0,0,2476.74117613432,0,0,1692.69958347674
852,0,0,0,8506.59786768505,0,0,0,0,0,0,0,0,0,0,0,62927.228269692,0,0,0,0,0,0,0,0,0,0,0,0,1333.11915532962,0,0,1819.38339277132
853,0,0,0,1291.99177965,0,0,0,0,0,0,0,0,1038.14818665299,0,50980,1189717.47815242,0,0,0,0,0,0,0,0,0,0,0,0,903.733605928595,0,0,5607.09161420124
854,0,0,0,0,0,0,0,0,0,0,0,0,0,0,0,0,0,0,0,0,0,0,0,0,0,0,0,0,0,0,0,0
855,0,0,0,16653.7424475165,4383231.08697173,0,0,0,0,0,0,0,0,0,21960,599020.065722344,0,0,0,0,0,0,0,0,0,0,0,0,8826.73191482925,0,0,16214.1527258422
871,0,0,0,12422.2847728354,0,0,0,0,0,0,0,0,0,0,0,7634.84523037208,0,0,0,0,0,0,0,0,0,0,0,0,1130.41276343201,0,0,241.777887552359
872,0,0,0,2790.35692578386,0,0,0,0,0,0,0,0,0,0,3960,8991.29379959371,0,0,0,0,0,0,0,0,0,0,0,0,5925.9414586109,0,0,14897.39929027
873,0,0,0,0,0,0,0,0,0,0,0,0,0,0,0,0,0,0,0,0,0,0,0,0,0,0,0,0,0,0,0,0
874,0,0,0,9554.71957290536,0,0,0,0,0,0,0,0,0,0,0,7463.38089176611,0,0,0,0,0,0,0,0,0,0,0,0,391.268650285829,0,0,3584.39854288763
881,0,0,0,2320.07307736952,0,0,0,0,0,0,0,0,0,0,0,0,0,0,0,0,0,0,0,0,0,0,0,0,6026.36595559603,0,0,2361.97110222744
883,0,0,0,22999.5098343184,0,0,0,0,0,0,0,0,0,0,2320,104732.927606596,0,0,0,0,0,0,0,0,0,0,0,0,25696.8773475483,0,0,5588.01057304514
885,0,0,0,6432.07448884975,0,0,0,0,0,0,0,0,0,0,1980,70313.9794263588,0,0,0,0,0,0,0,0,0,0,0,0,1657.39715444585,0,0,29658.4279411643
4821,0,0,0,1525.13902826208,4342909.89199043,0,0,7367.05574937132,0,0,0,0,0,0,520,61021.8598795225,0,0,0,0,0,0,0,0,0,0,0,0,8863.8388942108,0,0,4637.06136620278
4822,0,0,0,82437.026048508,1321561.85774205,0,0,0,0,0,0,0,0,0,8940,484864.770329214,0,0,0,0,0,0,0,0,0,0,0,0,8754.87562447728,0,0,58797.2648359688
8421,0,0,0,11545.5182682947,15991918.3769645,0,0,0,0,0,0,0,0,0,4360,111871.595719583,0,0,0,0,0,0,0,0,0,0,0,0,97025.6807004787,0,0,125593.018698142
8422,0,0,0,0,0,0,0,0,0,0,0,0,0,0,18200,288856.467702825,0,0,0,0,0,0,0,0,0,0,0,0,0,0,0,0
8423,0,0,0,1987.3096986824,0,0,0,0,0,0,0,0,0,0,0,0,0,0,0,0,0,0,0,0,0,0,0,0,894.232825790269,0,0,1822.66597600741
8431,0,0,0,0,0,0,0,0,0,0,0,0,0,0,0,0,0,0,0,0,0,0,0,0,0,0,0,0,0,0,0,0
8432,0,0,0,0,0,0,0,0,0,0,0,0,0,0,4100,713015.837563209,0,0,0,0,0,0,0,0,0,0,0,0,0,0,0,0
8433,0,0,0,982.688831006125,0,0,0,0,0,0,0,0,0,0,1980,63310.8702470134,0,0,0,0,0,0,0,0,0,0,0,0,492.837649813312,0,0,1477.99733850639
8461,0,0,0,30069.4229883128,0,0,0,0,0,0,0,0,0,0,1800,12250.091420603,0,0,0,0,0,0,0,0,0,0,0,0,27117.1865636519,0,0,22053.4428149949
8462,0,0,0,5963.58621915519,0,0,0,0,0,0,0,0,0,0,3260,54278.8533125441,0,0,0,0,0,0,0,0,0,0,0,0,10.4696351889354,0,0,2591.79873302065
8481,0,0,0,1981.42225290701,0,0,0,0,0,0,0,0,0,0,500,85931.2187313714,0,0,0,0,0,0,0,0,0,0,0,0,4170.34039683169,0,0,4251.88379639632
8482,0,0,0,0,0,0,0,0,0,0,0,0,0,0,1000,274467.419286289,0,0,0,0,0,0,0,0,0,0,0,0,0,0,0,0
8821,0,0,0,3537.50991192531,0,0,0,0,0,0,0,0,0,0,1640,159921.302882545,0,0,0,0,0,0,0,0,0,0,0,0,38029.8350308453,0,0,24679.3666060154
8822,0,0,0,32529.7950521343,0,0,0,0,0,0,0,0,0,0,8100,175512.620361295,0,0,0,0,0,0,0,0,0,0,0,0,38096.7441803295,0,0,11410.2327750112
8823,0,0,0,413.862868984167,0,0,0,0,0,0,0,0,0,0,0,22515.9145741331,0,0,0,0,0,0,0,0,0,0,0,0,49055.3153002042,0,0,17974.0680409229
8832,0,0,0,21830.5421171248,0,0,0,0,0,0,0,0,0,0,0,7437.83218033511,0,0,0,0,0,0,0,0,0,0,0,0,23522.002079865,0,0,2918.6425725891
8833,0,0,0,11446.8005405952,0,0,0,0,0,0,0,0,0,0,4680,86582.1506591431,0,0,0,0,0,0,0,0,0,0,0,0,7591.99004283139,0,0,6863.56472242262
8834,0,0,0,19589.9485484248,0,0,0,0,0,0,0,0,0,0,1500,209651.056360664,0,0,0,0,0,0,0,0,0,0,0,0,17105.4958560541,0,0,18124.3890234208
8835,0,0,0,2045.16020460891,0,0,0,0,0,0,0,0,0,0,0,17290.533217923,0,0,0,0,0,0,0,0,0,0,0,0,21.366304914172,0,0,188.402836112493
8837,0,0,0,2582.94445472236,1440957.68552542,0,0,0,0,0,0,0,0,0,0,0,0,0,0,0,0,0,0,0,0,0,0,0,32.777473345761,0,0,3588.22493654686
8838,0,0,0,0,0,0,0,0,0,0,0,0,0,0,0,0,0,0,0,0,0,0,0,0,0,0,0,0,0,0,0,0
8839,0,0,0,25439.0813566856,1590674.69124509,0,0,0,0,0,0,0,0,0,580,19161.5094803095,0,0,0,0,0,0,0,0,0,0,0,0,15069.8765649792,0,0,3200.83316203989
8841,0,0,0,13757.7785014746,25189904.9655674,0,0,0,0,0,0,0,0,0,0,36617.9881674322,0,0,0,0,0,0,0,0,0,0,0,0,49874.1372855085,0,0,6883.58087780524
8842,0,0,0,41393.3793582293,530851.364054649,0,0,0,0,0,0,0,0,0,7200,122521.24072915,0,0,0,0,0,0,0,0,0,0,0,0,33327.623893707,0,0,21771.1938728574
8861,0,0,0,1219.29873470371,0,0,0,0,0,0,0,0,0,0,0,2320.39614688623,0,0,0,0,0,0,0,0,0,0,0,0,3117.51308787499,0,0,1195.64171884006
8862,0,0,0,3342.08140398815,0,0,0,0,0,0,0,0,0,0,0,8200.56551815969,0,0,0,0,0,0,0,0,0,0,0,0,2932.45068689598,0,0,290.413952846446
8863,0,0,0,13208.4013530318,0,0,0,0,0,0,0,0,0,0,0,4742.21074978924,0,0,0,0,0,0,0,0,0,26987.5357139752,0,25200,47239.2171506202,0,0,55008.0969686898
8881,0,0,0,189780.369599848,0,0,0,0,0,0,0,0,0,0,1740,117910.522054094,0,0,0,11887.1487246301,17545.5512529917,0,0,0,0,0,0,0,1199.65367431046,0,0,81206.8723584569
8882,0,0,0,2235.25063588994,0,0,0,0,0,0,0,0,0,0,0,1423.54798569509,0,0,0,0,0,0,0,0,0,0,0,0,1480.21725016651,0,0,4208.29946738472
8883,0,0,0,32407.7638821662,0,0,0,0,0,0,0,0,0,0,1060,35714.3720762406,0,0,0,0,0,0,0,0,0,0,0,0,26571.076452024,0,0,36284.4206471529
84241,0,0,0,7237.01703843151,0,0,0,0,0,0,0,0,0,0,0,0,0,0,0,0,0,0,0,0,0,0,0,0,16360.0244298713,0,0,22211.93233373
84242,0,0,0,16512.3979360875,0,0,0,0,0,0,0,0,0,0,500,126144.1261498,0,0,0,0,0,0,0,0,0,0,0,0,7364.5034187208,0,0,34108.1742117269
84243,0,0,0,10847.3719571321,0,0,0,0,0,0,0,0,0,0,0,10307.3517459944,0,0,0,0,0,0,0,0,0,0,0,0,3046.75134022479,0,0,6029.94343596977
88361,0,0,0,19510.3564173518,0,0,0,0,0,0,0,0,0,0,520,43465.3157909704,0,0,0,0,0,0,0,0,0,0,0,0,16481.0238476904,0,0,24103.1575706337
88362,0,0,0,8642.10512712556,0,0,0,0,0,0,0,0,0,0,500,81884.7669050493,0,0,0,0,0,0,0,0,0,0,0,0,39846.4792697094,0,0,42686.3953209445
0,0,0,0,0,0,0,0,0,0,0,0,0,0,0,0,0,0,0,0,11334.6756561355,103.169612168879,0,0,0,0,0,0,0,0,0,0,0
