BankE_kemp,HillslE_ke,LandslE_ke,Pfaf_code,OS_Ec_sc,OS_Pr_sc,In_Ec_sc,In_Pr_sc,STP_Ec_sc,STP_Pr_sc,SW_Ec_sc,SW_Pr_sc,Ag_Ec_sc,Ag_Pr_sc,Combined
0.174835703793893,3.44825110747068,4.02279489573792,8448,0,0,0,0,0,0,0,0,0.640374591465212,0.640373880034664,4.02279489573792
0.314627546252629,3.43807642782074,4.02279489573792,8447,0.000441255484682302,0.105317238100513,0,0,0,0,0,0,2.17577607657665,2.17577530582108,4.02279489573792
0.299000123930257,3.56113002981396,4.02279489573792,8446,0,0,0,0,0,0,0,0,0,0,4.02279489573792
1.28699948161987,1.21120638582376,4.02279489573792,8457,0,0,0,0,0,0,0,0,1.07831864071241,1.07831979299265,4.02279489573792
2.95907244280285,3.44715763025664,0,8455,0,0,0,0,0,0,0,0,1.44098047962159,1.44097899557524,3.44715763025664
2.26655879130995,1.14051742415667,4.02279489573792,8445,0,0,0,0,0,0,0,0,1.46717071837492,1.46717281007051,4.02279489573792
0,3.15449028669628,4.02279489573792,8456,0.0269493554192788,0.263048757428227,0,0,0,0,0,0,2.35086914442338,2.35086715312792,4.02279489573792
0.299000123930257,3.56113002981396,4.02279470992165,8452,0,0,0,0,0,0,0,0,0,0,4.02279470992165
0.492131187772178,0.290276526803416,4.02279489573792,8444,0,0,0,0,0,0,0,0,0.603179046968713,0.603178375533964,4.02279489573792
1.49185696390842,0.935965678692454,0,8453,0,0,0,0,0,0,0,0,1.03590216409047,1.03590104621248,1.49185696390842
0.553645702391818,2.73258819051963,4.02271935250461,8454,0.00485642019731779,0.210488054996285,0,0,0,0,0,0,2.87327567600972,2.87327490647995,4.02271935250461
3.00176132495279,3.21637198539737,1.99161357834511,8345,0,0,0,0,0,0,0,0,1.32797253751394,1.32797114926223,3.21637198539737
2.99618483621184,3.55913009659401,3.37380978090296,8443,0.00573858086318351,0.418854543035136,0,0,0,0,0,0,3.59548436689401,3.5954854900608,3.5954854900608
3.00961027786834,3.5654589475947,4.02279489573792,8451,0.00264536724440252,0.157765869608635,0,0,0,0,0,0,2.65497167916183,2.65497198022837,4.02279489573792
3.00983885601429,3.55889259708226,4.02279489573792,8343,0,0,0,0,0,0,0,0,2.30634362720603,2.30634219685091,4.02279489573792
2.05526481755896,3.05344104392436,4.02279489573792,8344,0,0,0,0,0,0,0,0,1.05109042804676,1.05109006831373,4.02279489573792
2.99906486515161,2.34063895136286,4.02279489573792,843,0.000220835618498156,0,0,0,0,0,0,0,0.363527664694103,0.363527256038176,4.02279489573792
3.00988596735469,3.342736317478,4.02279489573647,8342,0,0,0,0,0,0,0,0,0.524436054323713,0.524435468331577,4.02279489573647
0,0.858426910922046,0,8442,0.000220290497389113,0,0,0,0,0,0,0,3.4301083581766,3.43010682182769,3.4301083581766
0.401545229235435,0.127972265612029,0,8441,0,0,0,0,0,0,0,0,1.97481998299562,1.97481813327486,1.97481998299562
2.41599729733944,1.4816247158318,3.40186916507537,842,0.220020475597031,0,0,0,0,0,0,0,3.3126944319788,3.31269327266701,3.40186916507537
2.57115054351252,3.4336119648654,4.00709294141707,8294,0.00286315557830405,0.21000932903492,0,0,0,0,0,0,1.61322588295911,1.61322495988708,4.00709294141707
2.84753379810227,3.56549629015505,3.59465554999613,8293,0,0,0,0,0,0,0,0,0.320633801925178,0.320633441043469,3.59465554999613
2.84151321350339,2.9097491407097,0,8295,0.00108668877112027,0.258828430847238,0,0,0,0,0,0,2.96029247011415,2.96029497325822,2.96029497325822
0,0.857218783327576,0,8582,0.00132286651392995,0.314704677855777,0,0,0,0,0,0,0.213434203884975,0.213434791566612,0.857218783327576
0,0.798133524613835,0,8585,2.04191437120463,1.97426917435124,0,0,0,0,0,0,0.0452687606693097,0.0452695399846537,2.04191437120463
3.00988009113242,3.56147977658595,4.02279489573792,854,0.870151562132206,0.818866955743177,0,0,0,0,0,0,3.28002231898156,3.28002060547507,4.02279489573792
2.17120620321893,3.55980226818225,1.50766419609296,8583,1.52044259107231,1.90850857165237,0,0,0,0,0,0,0.634845987919991,0.634850122631951,3.55980226818225
1.07059908092233,0.448654836227723,0,852,0.00241606927743778,0.104847403481604,0,0,0,0,0,0,3.22791077178687,3.22790900817764,3.22791077178687
1.9967019857131,0.945571267227046,3.64168048008097,8581,0.222873923114743,0.416750494236478,0,0,0,0,0,0,0.67363963604891,0.673638889064309,3.64168048008097
1.45486713180662,0.632753264116336,0,8584,0.222436100817733,0.313448938906238,0,0,0,0,0,0,0.199826635281982,0.199826409779074,1.45486713180662
2.44311267124302,1.30869570592592,0,841,0.222790219603333,0.416595677478589,0,0,0,0,0,0,3.73701693644461,3.73701659597737,3.73701693644461
2.70164190196828,1.6377172830697,0,8292,0.437697877666441,0.209312151123418,0,0,0,0,0,0,0.995369251765525,0.995368173664243,2.70164190196828
2.98108330098067,3.01822665439663,4.02279489573792,8341,0.241725852674577,0.157317067630306,0,0,0,0,0,0,2.57528315645835,2.5752864639147,4.02279489573792
2.6011609415043,1.9411866853054,0,8623,2.94458231780064,1.99909260722986,0,0,0,0,0,0,0.190567146683246,0.190572712402189,2.94458231780064
2.61286095260272,3.22075558015918,3.84987221944825,8622,0,0,0,0,0,0,0,0,0.18830245026871,0.188302237731055,3.84987221944825
2.93358889243204,3.24358194131945,0.586077551030971,857,0.43800771964962,0.261457064007385,0,0,0,0,0,0,3.06159737359048,3.06159582645876,3.24358194131945
3.00974206012926,1.13552273958954,4.02279489573792,8621,0,0,0,0,0,0,0,0,0.930329098934869,0.930328085659331,4.02279489573792
2.31190901156333,3.53405716535899,4.02279489573792,832,0.000219503329070332,0,0,0,0,0,0,0,3.7060962485708,3.70609602303783,4.02279489573792
2.58660180364312,3.19181066558863,4.02188467130623,853,0,0,0,0,0,0,0,0,2.80781141678084,2.80781025716959,4.02188467130623
2.60056892583013,3.04852740490276,4.02279489573792,8291,0.655196933942418,0.416317843702369,0,0,0,0,0,0,3.31854317071883,3.31854613567456,4.02279489573792
3.00990281311448,1.63317871229547,4.02279489573792,863,0,0,0,0,0,0,0,0,0.548861321383251,0.548860708781545,4.02279489573792
0,0.595336872435764,0,833,0.222646381081301,0.157769064515158,0,0,0,0,0,0,2.76715746468238,2.76715545744107,2.76715746468238
3.00990279712545,1.40836256620444,0,851,0.000220451424354066,0,0,0,0,0,0,0,1.65503914654217,1.65503956344422,3.00990279712545
2.97051364567155,0.377663635795771,0,835,0.222486844053575,0.157655990143189,0,0,0,0,0,0,3.07398818707322,3.07398630509991,3.07398818707322
3.00990281354127,2.94196979823199,4.02279489573792,824,0.000220293133323129,0,0,0,0,0,0,0,2.48438814594876,2.48438663730289,4.02279489573792
3.00984763477668,1.24527540250212,4.02279489573792,855,0,0,0,0,0,0,0,0,1.52658637357291,1.5265869400438,4.02279489573792
3.00439290360814,0.771724784338929,0,822,0.00284658994392989,0.208798196623149,0,0,0,0,0,0,3.21598930536374,3.21598753104524,3.21598930536374
3.00990279367412,1.94974034861309,0,8561,0,0,0,0,0,0,0,0,2.42016123633553,2.42015922688857,3.00990279367412
0,0.614797110782435,0,859,0.220589338341356,0.567316704048456,0,0,0,0,0,0,2.57311750910383,2.57312031342826,2.57312031342826
3.00990271691337,1.82208386980935,0,861,1.65761203579991,1.04993054135233,0,0,0,0,0,0,2.01649107242677,2.01649350441919,3.00990271691337
2.25108029628006,2.21427406030389,2.24963684441955,831,0.00218194246247989,0,0,0,0,0,0,0,2.53584634725558,2.53584530923014,2.53584634725558
2.25998955475014,0.897439031216624,0,825,0,0,0,0,0,0,0,0,2.22530301785052,2.22530162542529,2.25998955475014
1.37980972085037,3.56550825895626,0,871,2.1756138307767,1.09223277825979,0,0,0,0,0,0,1.65515029157739,1.65515136705785,3.56550825895626
2.29620526126971,3.2647332512303,0,821,0.00217918787806864,0,0,0,0,0,0,0,3.05211835362675,3.0521174890579,3.2647332512303
2.9604303836687,2.89996415337647,0,828,0,0,0,0,0,0,0,0,2.09278634849794,2.09278444148859,2.9604303836687
1.44037297340937,3.56539264937671,0,8562,0.88934768926441,1.39322846679295,0,0,0,0,0,0,0.577299605799018,0.577301374107067,3.56539264937671
2.74584415665378,2.40155368675282,0,873,3.64530406352654,2.12591490565239,0,0,0,0,0,0,1.46978642164245,1.46978491407004,3.64530406352654
1.71458521222085,3.52654694538381,0,85632,0.440169767195636,0.361764696507572,0,0,0,0,0,0,0.000447862839220283,0.000447862332967584,3.52654694538381
2.44008804642761,3.54109276803776,0,823,0.000217499413087923,0,0,0,0,0,0,0,3.26198948287133,3.26198775140981,3.54109276803776
2.20645019514406,0.41035892220558,0,827,0.00217337392995704,0,0,0,0,0,0,0,3.78801528628267,3.78801512031827,3.78801528628267
2.15054545711168,0.393094292780508,0,784,0,0,0,0,0,0,0,0,0,0,2.15054545711168
1.02035441338783,0.155407756265161,0,783,0.00238889265212172,0.10366899461888,0,0,0,0,0,0,0.753587202273059,0.753586370739003,1.02035441338783
1.48189720054586,2.32765609713302,0,85631,0.000217067202469708,0,0,0,0,0,0,0,0.24637736579625,0.246377088002513,2.32765609713302
1.52833268480678,3.26850700651063,0,872,0.000217067547394371,0,0,0,0,0,0,0,1.87176736193106,1.87176556997181,3.26850700651063
2.28527115135229,2.22591141406627,0,8641,0.449606344189236,1.38823740430774,0,0,0,0,0,0,1.70145500865091,1.70145868568194,2.28527115135229
1.55529667161308,3.55824736796544,0,866,0.00194440258415383,0.460602403282697,0,0,0,0,0,0,0.837974039133917,0.837973119871668,3.55824736796544
2.98217173239773,3.39681365962822,4.02279489573792,865,0.00790210957879965,0.467856813200593,0,0,0,0,0,0,1.81900840300369,1.81900795880347,4.02279489573792
2.71352883514916,2.75139100476061,0,826,0.00219123716708669,0,0,0,0,0,0,0,3.57953033743068,3.57952919967696,3.57953033743068
1.32975731771071,0.312340138353337,0,782,0,0,0,0,0,0,0,0,0.675512217703378,0.675511468723622,1.32975731771071
0.455950543755622,0.100728145578359,0,8642,0,0,0,0,0,0,0,0,8.21164228993668E-05,8.21163300771362E-05,0.455950543755622
0.020385977902136,0.00447033485935104,0,781,0.00261238976311164,0.155802700464825,0,0,0,0,0,0,3.27005391138209,3.27005273204458,3.27005391138209
0,0,0,772,0,0,0,0,0,0,0,0,0.338338774665898,0.338338394043208,0.338338774665898
0.516908333241625,0.114441050969769,0,761,3.99999569792066,2.99507535440362,0,0,0,0,4,0,2.18668402867336,2.18668838001559,4
1.10716900012257,1.35516793562469,0,876,0.91547522855563,0.860314981226544,0,0,0,0,0,0,1.86496606615855,1.86496749412506,1.86496749412506
0.725372325159603,2.08633237931517,0,8671,4,3,0,0,0,0,0,0,2.75235651833181,2.75236011779587,4
0.707580368291548,2.04587334501356,0,8564,3.54545939839334,2.90371464834629,0,0,0,0,0,0,0.745198805522794,0.745197982797178,3.54545939839334
0.611144102802714,3.07648593063103,0,878,0,0,0,0,0,0,0,0,0.301071301891746,0.301070962855262,3.07648593063103
0.204824888730851,1.4503842637281,0,746,0.00217235582981438,0,0,0,0,0,0,0,0.408037675208122,0.408037217179193,1.4503842637281
1.48721609838567,1.72836819150138,0,75,0.237951247926212,0.903605059678911,0,0,0,0,0,0,2.68227227729941,2.68227565583712,2.68227565583712
1.07651700737937,1.24870218748087,0,723,0.43697101282503,0.411444397037971,0,0,0,0,0,0,3.40588900202517,3.40589035381256,3.40589035381256
1.83801016174852,2.14084912935031,0,745,0.000216759454960093,0,0,0,0,0,0,0,0.44094170421826,0.440942016492079,2.14084912935031
1.78947613781323,3.51875231104752,0,875,0.659062654909967,1.69064787235664,0,0,0,0,0,0,2.88585500932615,2.88585773246017,3.51875231104752
2.32413777344101,2.85583189957566,0,762,0.000216653680471676,0,0,0,0,0,0,0,0.406686366039836,0.40668833392521,2.85583189957566
2.43151035250325,1.98027183236152,0,721,0.000216372180991022,0,0,0,0,0,0,0,0.414744958304449,0.414745299710004,2.43151035250325
0.972725633044414,3.19832706153368,0,73,0.00302921477348716,0.257684603796444,0,0,0,0,0,0,1.43150068820836,1.43149992466361,3.19832706153368
0.100047426027119,0.177362973182812,0,879,0.00216253639407531,0,0,0,0,0,0,0,1.03119976348628,1.03119865019754,1.03119976348628
0.745998650409491,1.29005889210343,0,741,0.000216218573730567,0,0,0,0,0,0,0,0.164837106391766,0.164838547092167,1.29005889210343
1.25001453841831,2.0663577683471,0,743,4,3,0,0,0,0,4,2,2.07062910386065,2.07063197916434,4
2.91829650879918,2.61568363841874,0,8672,2.56441202250172,2.30287813177778,4,4,0,0,0,0,2.5827966945547,2.58279846812883,4
2.88539718930874,2.49409288292001,0,874,3.99086748148684,2.98370112365221,0,0,0,0,0,0,1.01735773464328,1.01737336022397,3.99086748148684
0.647692909373066,2.83804582455398,0.476961598806475,722,0.222375312872327,0.708147847817953,0,0,0,0,0,0,3.68166750333398,3.68166826981133,3.68166826981133
0.641235646807867,2.82718872734469,0.476561705283951,8565,3.999999999397,3,0,0,0,0,0,0,0.958220009898658,0.958223566964552,3.999999999397
2.24281012384261,3.46541197210444,0.467856824261116,877,0.000215787711480327,0,0,0,0,0,0,0,1.60103396978224,1.60103713778008,3.46541197210444
2.21489804181731,1.70906450290905,0,71,0.00107955957058879,0.25713874824705,4,4,0,0,0,0,0.780094946933067,0.780098001424688,4
0.735757763126483,0.490248358058112,0,744,0.00215556750731371,0,0,0,0,0,0,0,1.26175874061154,1.26175741093011,1.26175874061154
1.4191277753293,0.986430573681171,0,89542,0.000431112856811159,0.102898354341595,0,0,0,0,0,0,0.506739629333001,0.506739062675971,1.4191277753293
0.47450527715343,0.554334240901325,0,747,0.00261198195643789,0.155778422649239,0,0,0,0,0,0,0.104986374197568,0.104987075186092,0.554334240901325
1.2371801151232,1.44733776118667,0,742,0.00261079894044133,0.155707994445763,0,0,0,0,0,0,2.3974427850831,2.39744077977096,2.3974427850831
0.590039808210736,0.689392581599215,0,642,0.000217546512671568,0,0,0,0,0,0,0,0.505973891343675,0.505973325524323,0.689392581599215
1.61038805765736,0.945751590930844,0,8952,0.225529381213964,0.461040755264469,0,0,0,0,0,0,3.05136486342855,3.05136433079048,3.05136486342855
1.69071731927717,1.00306182591036,0,893,0.00367226002624247,0.410049022434734,0,0,0,0,0,0,1.79687306002547,1.7968726158033,1.79687306002547
0,0,0,622,0,0,0,0,0,0,0,0,0.117172384303722,0.117172251930842,0.117172384303722
0,0,0,8951,0,0,0,0,0,0,0,0,2.95117863619813,2.95117668796804,2.95117863619813
0,0,0,623,0,0,0,0,0,0,0,0,0.300830098226673,0.300829759459748,0.300830098226673
0,0,0,641,0.223558698455087,1.34210078713606,0,0,0,0,0,0,2.18275692568349,2.18275841089653,2.18275841089653
0,0,0,891,0.440390978919587,1.46297278044482,4,4,0,0,0,0,3.72691325047129,3.72691300499524,4
0,0,0,59,0.301846582698007,1.50195506100574,4,4,0,0,0,0,3.98155612524681,3.98155620242737,4
0,0,0,56,0.00367226002624247,0.410049022434734,3.97454788239408,3.97454788239408,0,0,0,0,3.96728887407608,3.96728880526994,3.97454788239408
0,0,0,61,0.445511771264418,1.34210078713606,0,0,0,0,0,0,3.73646472246565,3.73646447473597,3.73646472246565
0,0,0,621,0.0060484253684673,0.510766632836376,0,0,0,0,0,0,1.97553944006254,1.97553758996309,1.97553944006254
0,0,0,89541,3.9999237253431,2.9167635598424,0,0,0,0,0,0,3.86043150997945,3.86043189066817,3.9999237253431
0,0,0,581,0.0432013914452522,0.560699380532213,0,0,0,0,0,0,4.88887619874096E-09,4.88887059816612E-06,0.560699380532213
0,0,0,8953,4,2.99999926906581,4,4,0,0,0,0,2.80878346960505,2.80879013581212,4
0,0,0,643,0.219466994114008,0.899874636547543,0,0,0,0,0,0,0.513186982579348,0.513187209395504,0.899874636547543
0,0,0,8941,0,0,0,0,0,0,0,0,2.80001319626313,2.8000111963014,2.80001319626313
0,0,0,635,0,0,0,0,0,0,0,0,1.25598476441835,1.25598637535678,1.25598637535678
0,0,0,637,0,0,0,0,0,0,0,0,0.921823825163904,0.921824361547875,0.921824361547875
0,0,0,88,0.217744032642177,0.510766632836376,4,4,0,0,0,0,3.15176525216,3.15176342473108,4
0,0,0,55,0.00259218391530368,0.154599768078343,0,0,0,0,0,0,1.55991116881133,1.55991442346667,1.55991442346667
0,0,0,54,0.887091920948545,1.65118410177177,0,0,0,0,0,0,2.93953248774568,2.93953877086333,2.93953877086333
0,0,0,8955,4,2.99999999788573,0,0,0,0,4,1.99999999999868,0.823831839951578,0.82384028770556,4
0,0,0,633,0,0,0,0,0,0,0,0,1.55822471470075,1.55822589741303,1.55822589741303
0,0,0,631,0.454682816791458,0.852697850179285,0,0,0,0,0,0,2.4307962337077,2.43079627911891,2.43079627911891
0,0,0,8956,2.15980544236885,1.91701671554219,0,0,0,0,0,0,2.71423041479354,2.71422883805358,2.71423041479354
0,0,0,654,0.0028081991716538,0.659579368029206,0,0,0,0,0,0,1.25272937299477,1.25273025351807,1.25273025351807
0,0,0,651,0.649167366912818,1.25833302381261,0,0,0,0,0,0,3.22534767937481,3.22534648180197,3.22534767937481
0,0,0,8942,0.0010800767556074,0.257261331141752,0,0,0,0,0,0,3.81863215982254,3.81863155009638,3.81863215982254
0,0,0,671,0,0,0,0,0,0,0,0,1.11895302009558,1.11895257136092,1.11895302009558
0,0,0,892,0.00216015335538836,0.510766632836376,0,0,0,0,0,0,2.30928892570812,2.30928748264545,2.30928892570812
0,0,0,639,0.239275018066543,0.560699380532213,0,0,0,0,0,0,3.10811750140445,3.10811628596095,3.10811750140445
0,0,0,673,0,0,0,0,0,0,0,0,0.688677292458351,0.688677319011106,0.688677319011106
0,0,0,636,0,0,0,0,0,0,0,0,2.49044319105606,2.49044117191265,2.49044319105606
0,0,0,672,0.431853083888374,0.460540728904443,0,0,0,0,0,0,1.08797537216467,1.0879794797551,1.0879794797551
0,0,0,655,0,0,0,0,0,0,0,0,1.97009108136723,1.97008923414425,1.97009108136723
0,0,0,638,0,0,0,0,0,0,0,0,3.60111656337327,3.6011154550205,3.60111656337327
0,0,0,8943,0.00648045503043153,0.610312283579095,0,0,0,0,0,0,3.5735973005162,3.57359631663611,3.5735973005162
0,0,0,632,0.000216015356328512,0,0,0,0,0,0,0,2.44624839114197,2.44624637754326,2.44624839114197
0,0,0,653,0.000648046064364037,0.154599768078343,0,0,0,0,0,0,3.19809082453628,3.1980890346484,3.19809082453628
0,0,0,52,0.0028081991716538,0.205991141268446,0,0,0,0,0,0,2.9810119586833,2.98101002443669,2.9810119586833
0,0,0,634,0,0,0,0,0,0,0,0,3.19967678518784,3.19967499665513,3.19967678518784
0,0,0,53,0.672280650919541,2.21337294422681,4,4,0,0,0,0,3.72093429104008,3.72093514366959,4
0,0,0,8957,0.260361899911796,2.21337294422681,0,0,0,0,0,0,2.40329197499088,2.40330609219772,2.40330609219772
0,0,0,682,0,0,0,0,0,0,0,0,0.63854592249716,0.638546006440595,0.638546006440595
0,0,0,652,0.000216015356328512,0,0,0,0,0,0,0,3.99173864148568,3.99173858140376,3.99173864148568
0,0,0,684,0.463635910670119,1.12811789933927,0,0,0,0,0,0,2.1397189237678,2.13972629586765,2.13972629586765
0,0,0,51,0.00432030545413955,0.560699380532213,0,0,0,0,0,0,2.04688393286682,2.04688204698031,2.04688393286682
0,0,0,675,0.00367226002624247,0.410049022434734,0,0,0,0,0,0,2.47702169856179,2.47702068373996,2.47702169856179
0,0,0,58321,0,0,0,0,0,0,0,0,1.76109713482376,1.76109606843355,1.76109713482376
0,0,0,685,0.000216015356328512,0,0,0,0,0,0,0,0.345080929772442,0.345080541640104,0.345080929772442
0,0,0,686,0.00086406141206175,0.205991141268446,0,0,0,0,0,0,0.924147365445171,0.924146358392428,0.924147365445171
0,0,0,681,0.000432030711731283,0.103117256264868,0,0,0,0,0,0,2.05586023423023,2.05586133572038,2.05586133572038
0,0,0,5831,3.9998412595431,2.9167635598424,0,0,0,0,4,2,3.94914935914548,3.94914937741562,4
0,0,0,688,0.00194413805379232,0.460540728904443,0,0,0,0,0,0,0.316886620111966,0.316887880829602,0.460540728904443
0,0,0,42,3.99991532815859,2.94829283371113,0,0,0,0,0,0,1.60330254581804,1.60330230317815,3.99991532815859
0,0,0,674,0.000216015356328512,0,0,0,0,0,0,0,1.41020026587042,1.41020165950948,1.41020165950948
0,0,0,41,3.99999999972193,2.99999160219484,4,4,4,0,4,2,3.57787464442939,3.57787708265029,4
0,0,0,691,0.65169101060248,0.992756289133715,0,0,0,0,0,0,2.50194617284702,2.50195208278942,2.50195208278942
0,0,0,6382,0.00086406141206175,0.205991141268446,0,0,0,0,0,0,3.99934423936433,3.99934423244717,3.99934423936433
0,0,0,693,0.222912671270578,0.35931947011473,0,0,0,0,0,0,0.486498222807047,0.486509706898846,0.486509706898846
0,0,0,683,0.219682358508865,0.510766632836376,0,0,0,0,0,0,3.01814375651352,3.01814920241036,3.01814920241036
0,0,0,687,0.649167366912818,0.852697850179285,4,0,0,0,0,0,1.28957542073632,1.28958063020684,4
0,0,0,32,0.000216015356328512,0,0,0,0,0,0,0,1.78024827214071,1.78024719092242,1.78024827214071
0,0,0,689,0.00086406141206175,0.205991141268446,0,0,0,0,0,0,0.999948069279072,0.999949275768829,0.999949275768829
0,0,0,5821,3.99984381055073,2.93210522998734,4,4,0,0,0,0,3.92260205993845,3.92260222011806,4
0,0,0,224,0.215805604441906,0,0,0,0,0,0,0,1.11469545069562,1.11470326628434,1.11470326628434
0,0,0,225,0.000216015356328512,0,0,0,0,0,0,0,0,0,0.000216015356328512
0,0,0,6921,0.00324022963892337,0.308380576644047,0,0,0,0,0,0,0.725824090683219,0.725831161012378,0.725831161012378
0,0,0,58322,0,0,0,0,0,0,0,0,2.83393697403193,2.83393498302096,2.83393697403193
0,0,0,227,0.645170512861299,0.35931947011473,4,3.99999999999735,0,0,0,0,0.0666691402907824,0.0666763887758073,4
0,0,0,34,3.99992634834964,2.99617988176666,0,0,0,0,0,0,3.34518877230289,3.34519055297187,3.99992634834964
0,0,0,58323,0.22420471483504,0.659579368029206,0,0,0,0,0,0,3.9983590759558,3.99835906290259,3.9983590759558
0,0,0,66,0.0105847277638502,1.46297278044482,0,0,0,0,0,0,3.99111132790888,3.99111132458348,3.99111132790888
0,0,0,226,0.00216015335538836,0,0,0,0,0,0,0,0.250488255135594,0.250491216072263,0.250491216072263
0,0,0,696,1.2578182131807,1.17211451420101,0,0,0,0,0,0,2.17318400987116,2.17318838143825,2.17318838143825
0,0,0,43,3.99989661220202,2.98729104805015,4,4,0,0,0,0,2.93654583701813,2.93655626507147,4
0,0,0,128,0.000648046064364037,0.154599768078343,0,0,0,0,0,0,2.0021376098155,2.00213635722914,2.0021376098155
0,0,0,129,0.0321855934530298,1.12811789933927,0,0,0,0,0,0,2.47128505899802,2.47128908165835,2.47128908165835
0,0,0,5833,0.000432030711731283,0.103117256264868,0,0,0,0,0,0,3.7508357815753,3.75083513782559,3.7508357815753
0,0,0,6922,0.644749714466904,0.708475429223315,0,0,0,0,0,0,0.647422760115853,0.647424418137404,0.708475429223315
0,0,0,6923,1.09485505730588,2.36380844484194,0,0,0,0,0,0,1.44596436940883,1.44597774106197,2.36380844484194
0,0,0,6941,0.651060149439962,1.61489031700149,4,3.99999999999985,0,0,0,0,1.95843291299574,1.95843850102301,4
0,0,0,45,0.43718974031124,0.805057759545808,4,4,0,0,0,0,2.71836503193927,2.718366083375,4
0,0,0,58221,0.00712849922113072,0.308380576644047,0,0,0,0,0,0,3.64659764880547,3.64659674989648,3.64659764880547
0,0,0,6942,0.22075916163875,0.756976071056613,4,4,0,0,0,0,0.644408802928063,0.644417602124588,4
0,0,0,12623,0.222912671270578,0.35931947011473,0,0,0,0,0,0,0.579283742985991,0.579286283916491,0.579286283916491
0,0,0,695,3.99988259726204,2.92481979190533,4,4,0,0,0,0,2.57783406152665,2.57784155456477,4
0,0,0,58225,0.855197850565163,0.805057759545808,0,0,0,0,0,0,1.40673911701325,1.40674194001349,1.40674194001349
0,0,0,12625,0.00518436565737356,1.17211451420101,0,0,0,0,0,0,3.32584273045046,3.32584206944185,3.32584273045046
0,0,0,12621,0.000648046064364037,0.154599768078343,0,0,0,0,0,0,1.77167851713174,1.77167875346979,1.77167875346979
0,0,0,2231,0.222912671270578,0.805057759545808,0,0,0,0,0,0,1.43998371624023,1.43999711319511,1.43999711319511
0,0,0,461,0.000432030711731283,0.103117256264868,0,0,0,0,0,0,1.21228875900045,1.21228969356049,1.21228969356049
0,0,0,44,0.495784906494835,1.75597795814133,0,0,0,0,0,0,2.67759595968732,2.67759888215048,2.67759888215048
0,0,0,125,1.97664295628107,1.38303796633931,0,0,0,0,0,0,1.34989465643366,1.34989613583967,1.97664295628107
0,0,0,127,0.45361666325444,1.75597795814133,0,0,0,0,0,1.99999999999868,2.92166702241358,2.92167075728327,2.92167075728327
0,0,0,58224,0.000432030711731283,0.103117256264868,0,0,0,0,0,0,0.831882615244146,0.831884038119879,0.831884038119879
0,0,0,58222,0,0,0,0,0,0,0,0,2.30359316222382,2.30359117893689,2.30359316222382
0,0,0,58223,0.00496835064515546,0.257261331141752,0,0,0,0,0,0,1.72608306996016,1.72608269645874,1.72608306996016
0,0,0,4847,0.855403989132748,1.25833302381261,4,4,0,0,0,0,1.34852214899196,1.34852723603234,4
0,0,0,697,3.99999999983994,2.99940311053578,0,0,0,0,0,0,1.41063352665893,1.41065202295959,3.99999999983994
0,0,0,4844,0,0,0,0,0,0,0,0,0.334628014506506,0.334627638018857,0.334628014506506
0,0,0,12624,0.00259218391530368,0.154599768078343,0,0,0,0,0,0,3.09185207097276,3.09185085592896,3.09185207097276
0,0,0,124,0.653373143688356,1.34210078713606,0,0,0,0,0,0,3.97544078906729,3.97544072910617,3.97544078906729
0,0,0,12622,0.439323962517699,0.410049022434734,0,0,0,0,0,0,2.8772157707812,2.87721457883342,2.8772157707812
0,0,0,481,0,0,0,0,0,0,0,0,0.00674827310171998,0.00674907945657777,0.00674907945657777
0,0,0,462,0.000216015356328512,0,0,0,0,0,0,0,0.703224668516101,0.703224678163848,0.703224678163848
0,0,0,2232,0.000216015356328512,0,0,0,0,0,0,0,0.12862108617559,0.128622567472899,0.128622567472899
0,0,0,12631,3.93915631722202,2.4201386862662,0,0,4,2,4,2,0.74497804000636,0.744982717957974,4
0,0,0,4846,0.216882521793876,0.308380576644047,4,4,0,0,0,0,0.321645820328174,0.321648693392121,4
0,0,0,1261,0.241212143456536,1.38303796633931,0,0,0,0,0,0,3.03778472352084,3.0377910881945,3.0377910881945
0,0,0,4845,1.05959401360482,1.03842265142343,0,0,0,0,0,0,0.613731123034183,0.613735209581299,1.05959401360482
0,0,0,4851,0.000648046064364037,0.154599768078343,0,0,0,0,0,0,0.722210329399979,0.722209530891203,0.722210329399979
0,0,0,4821,0,0,0,0,0,0,0,0,1.58543970099027,1.58543810288096,1.58543970099027
0,0,0,4841,3.2854991694751,2.84724823338501,0,0,0,0,0,0,1.2011260429641,1.20114476538365,3.2854991694751
0,0,0,483,0.00129609209272692,0.308380576644047,0,0,0,0,0,0,2.27009785879942,2.27009754154446,2.27009785879942
0,0,0,12633,0.703096163704458,1.78954451704332,4,3.97454788239408,4,0,0,0,2.61727751694675,2.61727735236863,4
0,0,0,4822,0.00216015335538836,0,0,0,0,0,0,0,1.58700876254156,1.58700716324881,1.58700876254156
0,0,0,4842,3.94523138193674,2.4201386862662,0,0,0,0,0,0,0.449484289589973,0.449489411674558,3.94523138193674
0,0,0,4843,3.9999996938751,2.99999999999999,4,0,4,1.99999999999868,0,0,0.927447045689405,0.927468372600577,4
0,0,0,126321,4,3,0,0,0,0,0,0,2.69241002349805,2.69241601992149,4
0,0,0,1146,1.26734837608641,0.946567368755246,0,0,0,0,0,0,1.76378930810397,1.76379151773372,1.76379151773372
0,0,0,47,0.0060484253684673,0.510766632836376,0,0,0,0,0,0,1.59831830683867,1.59832217170977,1.59832217170977
0,0,0,126322,0.240996912616552,0.510766632836376,0,0,0,0,0,0,0.767368193662332,0.767375972612121,0.767375972612121
0,0,0,4853,0.0010800767556074,0.257261331141752,0,0,0,0,0,0,0.00164999641462435,0.0016508085463002,0.257261331141752
0,0,0,4854,0.00237616864155226,0.103117256264868,0,0,0,0,0,0,0.365579935413244,0.365579524476127,0.365579935413244
0,0,0,123,2.13921845202647,1.30052904888239,0,0,0,0,0,1.99999999999868,3.92157681490822,3.92157653852556,3.92157681490822
0,0,0,463,0.220328444097805,0.205991141268446,0,0,0,0,0,0,0.383168652814449,0.38317386767657,0.38317386767657
0,0,0,12635,1.2692913488472,1.38303796633931,0,0,0,0,0,0,1.51414100413435,1.51414294690508,1.51414294690508
0,0,0,4824,0,0,0,0,0,0,0,0,1.73452991865665,1.7345282138505,1.73452991865665
0,0,0,12634,2.04140922152224,2.93869196893267,0,0,0,0,0,0,1.83275492049439,1.8327570100228,2.93869196893267
0,0,0,48572,0.00151210742369108,0.35931947011473,0,0,0,0,0,0,0.317221022980892,0.317222283562978,0.35931947011473
0,0,0,4826,0.00086406141206175,0.205991141268446,0,0,0,0,0,0,0.403167011776964,0.403168170843445,0.403168170843445
0,0,0,4825,0.000216015356328512,0,0,0,0,0,0,0,0.00091014575669119,0.000910144727885754,0.00091014575669119
0,0,0,4823,0.000648046064364037,0.154599768078343,0,0,0,0,0,0,1.99189258934993,1.99189134407131,1.99189258934993
0,0,0,122,3.99999999999995,2.99994622520134,0,0,0,0,0,0,3.88848138743132,3.88848157947336,3.99999999999995
0,0,0,121,0.0028081991716538,0.205991141268446,0,0,0,0,0,0,3.85065716781775,3.85065680960517,3.85065716781775
0,0,0,1147,3.99990519085449,2.85715849486536,0,0,0,0,0,0,0.62684188155815,0.626845948869501,3.99990519085449
0,0,0,1145,0.240135976394904,0.756976071056613,0,0,0,0,0,0,2.28927931627194,2.28928061886842,2.28928061886842
0,0,0,48574,2.79404109906211,1.08354874336955,0,0,0,0,0,0,0.166392163051738,0.166397663577823,2.79404109906211
0,0,0,118,0.000216015356328512,0,0,0,0,0,0,0,1.72340059513227,1.72339889787487,1.72340059513227
0,0,0,48591,0.000216015356328512,0,0,0,0,0,0,0,0.240080827198147,0.240080556469155,0.240080827198147
0,0,0,48571,0.220113083664287,0.610312283579095,0,0,0,0,0,0,1.3933401744894,1.39333873016131,1.3933401744894
0,0,0,1162,0.00475233560974856,1.08354874336955,0,0,0,0,0,0,3.71296835690359,3.71296766504579,3.71296835690359
0,0,0,4858,3.9766934971815,2.4201386862662,0,0,0,0,0,0,0.211475512141935,0.211496378096908,3.9766934971815
0,0,0,4855,0.436762865267931,1.50195506100574,0,0,0,0,0,0,1.02790422888737,1.02791300265186,1.50195506100574
0,0,0,1144,3.9999150166532,2.87926796459995,0,0,0,0,0,0,0.530859426817586,0.530865231126411,3.9999150166532
0,0,0,4856,3.99999540403859,2.97477254486611,0,0,0,0,0,0,1.30381667042784,1.30382185312298,3.99999540403859
0,0,0,1161,0.0069124845229745,0.708475429223315,0,0,0,0,0,0,2.84413928249603,2.84413850125878,2.84413928249603
0,0,0,1141,0.000432030711731283,0.103117256264868,0,0,0,0,0,0,0.393392623139359,0.393394599549255,0.393394599549255
0,0,0,115,0.218174780917065,0.154599768078343,0,0,0,0,0,0,0.692313739588755,0.692312972738469,0.692313739588755
0,0,0,113,1.9720681077951,0.510766632836376,0,0,0,0,0,0,0.371740913736542,0.371740495953866,1.9720681077951
0,0,0,48592,3.99990743709621,2.93656984295787,0,0,0,0,0,0,0.392658305785639,0.392664313801561,3.99990743709621
0,0,0,48593,1.08765729645525,2.16516350216638,0,0,0,0,0,0,0.995433644294132,0.995440200256342,2.16516350216638
0,0,0,111,0.00237616864155226,0.103117256264868,0,0,0,0,0,0,0.211247169645974,0.211248554364963,0.211248554364963
0,0,0,112,0.644749714466904,0.257261331141752,0,0,0,0,0,0,1.16679593705212,1.16679618535788,1.16679618535788
0,0,0,35,0.454896039968556,1.65118410177177,4,4,0,0,0,0,3.92056494057227,3.92056475228818,4
0,0,0,33,0.0028081991716538,0.205991141268446,0,0,0,0,0,0,3.35123989208247,3.3512387427288,3.35123989208247
0,0,0,31,0.216882521793876,0.308380576644047,0,0,0,0,4,0,3.48389846024923,3.48389778564649,4
0,0,0,21,0.000216015356328512,0,0,0,0,0,0,0,3.09432999653171,3.09432910992602,3.09432999653171
0,0,0,10,0,0,0,0,0,0,0,0,0,0,0
0,0,0,57,0.216020990165244,0.103117256264868,0,0,0,0,0,0,0.260122949229763,0.260126708493964,0.260126708493964
0,0,0,771,0.00216015335538836,0.510766632836376,4,4,0,0,0,0,2.8282297810134,2.82822819429164,4
0,0,0,22,0.218820893121238,0.308380576644047,0,0,0,0,0,0,3.81238265029665,3.81238344331685,3.81238344331685
0,0,0,23,0.00702049187905653,2.92481979190533,0,0,4,2,0,0,0.251618014184734,0.251628270564442,4
0,0,0,480,0,0,0,0,0,0,0,0,0,0,0
0,0,0,48520,0,0,0,0,0,0,0,0,0.112658791683839,0.112658664404583,0.112658791683839
